sphere_1={(4, 5, 7, 8, 9), (1, 2, 4, 5, 9), (1, 2, 6, 7, 9), (4, 5, 6, 7, 9), (1, 3, 4, 6, 7), (1, 2, 7, 8, 9), (1, 2, 3, 8, 9), (2, 3, 5, 6, 9), (1, 3, 4, 7, 8), (3, 4, 5, 6, 9), (1, 6, 7, 8, 9), (1, 3, 4, 8, 9), (2, 3, 4, 5, 9), (5, 6, 7, 8, 9), (3, 4, 7, 8, 9), (1, 3, 4, 5, 6), (1, 2, 3, 4, 9), (2, 3, 7, 8, 9), (3, 4, 6, 7, 9), (1, 5, 6, 7, 8), (1, 5, 6, 8, 9), (2, 3, 6, 7, 9), (1, 2, 3, 4, 5), (1, 2, 3, 6, 7), (1, 2, 5, 6, 9), (1, 4, 5, 6, 7), (1, 2, 3, 7, 8), (1, 2, 3, 5, 6), (1, 4, 5, 7, 8), (1, 4, 5, 8, 9)}
sphere_4={(4, 5, 7, 8, 9), (1, 2, 4, 5, 9), (1, 2, 6, 7, 9), (4, 5, 6, 7, 9), (1, 3, 4, 6, 7), (1, 2, 7, 8, 9), (1, 2, 3, 8, 9), (2, 3, 5, 6, 9), (1, 3, 4, 7, 8), (3, 4, 5, 6, 9), (1, 6, 7, 8, 9), (2, 3, 4, 5, 6), (1, 3, 4, 8, 9), (2, 3, 4, 5, 9), (1, 2, 3, 4, 6), (5, 6, 7, 8, 9), (3, 4, 7, 8, 9), (1, 2, 3, 4, 9), (2, 3, 7, 8, 9), (3, 4, 6, 7, 9), (1, 5, 6, 7, 8), (1, 5, 6, 8, 9), (2, 3, 6, 7, 9), (1, 2, 3, 6, 7), (1, 2, 5, 6, 9), (1, 2, 4, 5, 6), (1, 4, 5, 6, 7), (1, 2, 3, 7, 8), (1, 4, 5, 7, 8), (1, 4, 5, 8, 9)}
sphere_5={(4, 5, 7, 8, 9), (1, 2, 4, 5, 9), (4, 5, 6, 7, 9), (1, 3, 4, 6, 7), (1, 2, 3, 8, 9), (2, 3, 5, 6, 9), (1, 3, 4, 7, 8), (1, 2, 6, 7, 8), (1, 2, 6, 8, 9), (3, 4, 5, 6, 9), (1, 3, 4, 8, 9), (2, 3, 4, 5, 9), (5, 6, 7, 8, 9), (3, 4, 7, 8, 9), (1, 3, 4, 5, 6), (2, 6, 7, 8, 9), (1, 2, 3, 4, 9), (2, 3, 7, 8, 9), (3, 4, 6, 7, 9), (1, 5, 6, 7, 8), (1, 5, 6, 8, 9), (2, 3, 6, 7, 9), (1, 2, 3, 4, 5), (1, 2, 3, 6, 7), (1, 2, 5, 6, 9), (1, 4, 5, 6, 7), (1, 2, 3, 7, 8), (1, 2, 3, 5, 6), (1, 4, 5, 7, 8), (1, 4, 5, 8, 9)}
sphere_6={(4, 5, 7, 8, 9), (1, 2, 4, 5, 9), (1, 2, 6, 7, 9), (1, 3, 4, 6, 7), (1, 2, 7, 8, 9), (1, 2, 3, 8, 9), (2, 3, 5, 6, 9), (3, 5, 6, 7, 9), (3, 4, 5, 6, 7), (1, 3, 4, 7, 8), (1, 6, 7, 8, 9), (1, 3, 4, 8, 9), (2, 3, 4, 5, 9), (5, 6, 7, 8, 9), (3, 4, 7, 8, 9), (1, 3, 4, 5, 6), (1, 2, 3, 4, 9), (2, 3, 7, 8, 9), (1, 5, 6, 7, 8), (1, 5, 6, 8, 9), (2, 3, 6, 7, 9), (3, 4, 5, 7, 9), (1, 2, 3, 4, 5), (1, 2, 3, 6, 7), (1, 2, 5, 6, 9), (1, 4, 5, 6, 7), (1, 2, 3, 7, 8), (1, 2, 3, 5, 6), (1, 4, 5, 7, 8), (1, 4, 5, 8, 9)}
sphere_11={(4, 5, 7, 8, 9), (1, 2, 3, 7, 9), (1, 2, 4, 5, 9), (4, 5, 6, 7, 9), (1, 3, 4, 6, 7), (1, 2, 7, 8, 9), (2, 3, 5, 6, 9), (1, 3, 7, 8, 9), (1, 3, 4, 7, 8), (1, 2, 6, 7, 8), (1, 2, 6, 8, 9), (3, 4, 5, 6, 9), (1, 3, 4, 8, 9), (2, 3, 4, 5, 9), (5, 6, 7, 8, 9), (3, 4, 7, 8, 9), (1, 3, 4, 5, 6), (2, 6, 7, 8, 9), (1, 2, 3, 4, 9), (3, 4, 6, 7, 9), (1, 5, 6, 7, 8), (1, 5, 6, 8, 9), (2, 3, 6, 7, 9), (1, 2, 3, 4, 5), (1, 2, 3, 6, 7), (1, 2, 5, 6, 9), (1, 4, 5, 6, 7), (1, 2, 3, 5, 6), (1, 4, 5, 7, 8), (1, 4, 5, 8, 9)}
sphere_12={(4, 5, 7, 8, 9), (1, 2, 3, 7, 9), (1, 2, 4, 5, 9), (1, 2, 6, 7, 9), (4, 5, 6, 7, 9), (1, 3, 4, 6, 7), (2, 5, 6, 8, 9), (2, 3, 5, 6, 9), (1, 3, 7, 8, 9), (1, 3, 4, 7, 8), (1, 2, 6, 8, 9), (1, 6, 7, 8, 9), (3, 4, 5, 6, 9), (1, 3, 4, 8, 9), (2, 3, 4, 5, 9), (5, 6, 7, 8, 9), (3, 4, 7, 8, 9), (1, 3, 4, 5, 6), (1, 2, 3, 4, 9), (3, 4, 6, 7, 9), (1, 2, 5, 6, 8), (1, 5, 6, 7, 8), (2, 3, 6, 7, 9), (1, 2, 3, 4, 5), (1, 2, 3, 6, 7), (1, 4, 5, 6, 7), (1, 2, 5, 8, 9), (1, 2, 3, 5, 6), (1, 4, 5, 7, 8), (1, 4, 5, 8, 9)}
sphere_19={(4, 5, 7, 8, 9), (1, 2, 6, 7, 9), (4, 5, 6, 7, 9), (1, 3, 4, 6, 7), (1, 2, 7, 8, 9), (2, 3, 5, 6, 9), (1, 3, 4, 7, 8), (3, 4, 5, 6, 9), (1, 6, 7, 8, 9), (1, 2, 3, 4, 8), (1, 3, 4, 5, 9), (5, 6, 7, 8, 9), (3, 4, 7, 8, 9), (1, 3, 4, 5, 6), (1, 2, 3, 4, 9), (2, 3, 7, 8, 9), (3, 4, 6, 7, 9), (1, 5, 6, 7, 8), (1, 5, 6, 8, 9), (2, 3, 6, 7, 9), (2, 3, 4, 8, 9), (1, 2, 3, 6, 7), (1, 2, 5, 6, 9), (1, 2, 3, 5, 9), (1, 4, 5, 6, 7), (1, 2, 3, 7, 8), (1, 2, 3, 5, 6), (1, 4, 5, 7, 8), (1, 4, 5, 8, 9), (1, 2, 4, 8, 9)}
sphere_20={(4, 5, 7, 8, 9), (1, 2, 6, 7, 9), (4, 5, 6, 7, 9), (1, 3, 4, 6, 7), (1, 2, 7, 8, 9), (1, 2, 3, 8, 9), (1, 3, 4, 7, 8), (1, 3, 4, 8, 9), (1, 6, 7, 8, 9), (2, 3, 4, 5, 6), (1, 3, 4, 5, 9), (2, 3, 4, 5, 9), (5, 6, 7, 8, 9), (3, 4, 7, 8, 9), (1, 3, 4, 5, 6), (2, 3, 7, 8, 9), (3, 4, 6, 7, 9), (1, 5, 6, 7, 8), (2, 3, 4, 6, 9), (2, 3, 6, 7, 9), (1, 5, 6, 8, 9), (1, 2, 3, 6, 7), (1, 2, 5, 6, 9), (1, 2, 3, 5, 9), (1, 4, 5, 6, 7), (1, 2, 3, 7, 8), (1, 2, 3, 5, 6), (1, 4, 5, 7, 8), (1, 4, 5, 8, 9), (2, 4, 5, 6, 9)}
sphere_21={(1, 2, 4, 6, 7), (4, 5, 7, 8, 9), (1, 2, 3, 4, 7), (1, 2, 6, 7, 9), (4, 5, 6, 7, 9), (1, 2, 7, 8, 9), (1, 2, 3, 8, 9), (2, 3, 5, 6, 9), (1, 3, 4, 7, 8), (3, 4, 5, 6, 9), (1, 6, 7, 8, 9), (1, 3, 4, 8, 9), (1, 3, 4, 5, 9), (1, 2, 3, 4, 6), (5, 6, 7, 8, 9), (3, 4, 7, 8, 9), (1, 3, 4, 5, 6), (2, 3, 7, 8, 9), (3, 4, 6, 7, 9), (1, 5, 6, 7, 8), (2, 3, 4, 6, 7), (2, 3, 6, 7, 9), (1, 5, 6, 8, 9), (1, 2, 5, 6, 9), (1, 2, 3, 5, 9), (1, 4, 5, 6, 7), (1, 2, 3, 7, 8), (1, 2, 3, 5, 6), (1, 4, 5, 7, 8), (1, 4, 5, 8, 9)}
sphere_22={(4, 5, 7, 8, 9), (1, 2, 3, 4, 7), (1, 2, 6, 7, 9), (4, 5, 6, 7, 9), (1, 3, 4, 6, 7), (1, 2, 7, 8, 9), (1, 2, 3, 8, 9), (2, 3, 5, 6, 9), (3, 4, 5, 6, 9), (1, 6, 7, 8, 9), (1, 2, 3, 4, 8), (1, 3, 4, 8, 9), (1, 3, 4, 5, 9), (5, 6, 7, 8, 9), (3, 4, 7, 8, 9), (1, 3, 4, 5, 6), (2, 3, 7, 8, 9), (3, 4, 6, 7, 9), (1, 5, 6, 7, 8), (1, 5, 6, 8, 9), (2, 3, 6, 7, 9), (2, 3, 4, 7, 8), (1, 2, 3, 6, 7), (1, 2, 5, 6, 9), (1, 2, 3, 5, 9), (1, 4, 5, 6, 7), (1, 2, 3, 5, 6), (1, 4, 5, 7, 8), (1, 4, 5, 8, 9), (1, 2, 4, 7, 8)}
sphere_24={(4, 5, 7, 8, 9), (1, 2, 4, 5, 9), (4, 5, 6, 7, 9), (1, 3, 4, 6, 7), (1, 2, 3, 8, 9), (2, 3, 5, 6, 9), (1, 3, 4, 7, 8), (1, 2, 6, 7, 8), (1, 2, 6, 8, 9), (3, 4, 5, 6, 9), (2, 3, 4, 5, 6), (1, 3, 4, 8, 9), (2, 3, 4, 5, 9), (1, 2, 3, 4, 6), (5, 6, 7, 8, 9), (3, 4, 7, 8, 9), (2, 6, 7, 8, 9), (1, 2, 3, 4, 9), (2, 3, 7, 8, 9), (3, 4, 6, 7, 9), (1, 5, 6, 7, 8), (1, 5, 6, 8, 9), (2, 3, 6, 7, 9), (1, 2, 3, 6, 7), (1, 2, 5, 6, 9), (1, 2, 4, 5, 6), (1, 4, 5, 6, 7), (1, 2, 3, 7, 8), (1, 4, 5, 7, 8), (1, 4, 5, 8, 9)}
sphere_25={(1, 2, 4, 5, 9), (1, 2, 6, 7, 9), (4, 5, 6, 7, 8), (1, 3, 4, 6, 7), (1, 2, 7, 8, 9), (1, 2, 3, 8, 9), (2, 3, 5, 6, 9), (1, 3, 4, 7, 8), (3, 4, 5, 6, 9), (1, 6, 7, 8, 9), (2, 3, 4, 5, 6), (1, 3, 4, 8, 9), (2, 3, 4, 5, 9), (1, 2, 3, 4, 6), (3, 4, 7, 8, 9), (1, 2, 3, 4, 9), (2, 3, 7, 8, 9), (3, 4, 6, 7, 9), (1, 5, 6, 7, 8), (1, 5, 6, 8, 9), (2, 3, 6, 7, 9), (4, 5, 6, 8, 9), (1, 2, 5, 6, 9), (1, 2, 4, 5, 6), (1, 2, 3, 6, 7), (1, 4, 5, 6, 7), (1, 2, 3, 7, 8), (4, 6, 7, 8, 9), (1, 4, 5, 7, 8), (1, 4, 5, 8, 9)}
sphere_26={(4, 5, 7, 8, 9), (1, 2, 4, 5, 9), (1, 2, 6, 7, 9), (4, 5, 6, 7, 9), (1, 3, 4, 6, 7), (1, 2, 7, 8, 9), (2, 3, 5, 6, 9), (1, 3, 4, 7, 8), (3, 4, 5, 6, 9), (1, 6, 7, 8, 9), (2, 3, 4, 5, 6), (1, 2, 3, 4, 8), (2, 3, 4, 5, 9), (1, 2, 3, 4, 6), (5, 6, 7, 8, 9), (3, 4, 7, 8, 9), (2, 3, 7, 8, 9), (3, 4, 6, 7, 9), (1, 5, 6, 7, 8), (1, 5, 6, 8, 9), (2, 3, 6, 7, 9), (2, 3, 4, 8, 9), (1, 2, 3, 6, 7), (1, 2, 5, 6, 9), (1, 2, 4, 5, 6), (1, 4, 5, 6, 7), (1, 2, 3, 7, 8), (1, 4, 5, 7, 8), (1, 4, 5, 8, 9), (1, 2, 4, 8, 9)}
sphere_27={(1, 2, 4, 6, 7), (4, 5, 7, 8, 9), (1, 2, 3, 4, 7), (1, 2, 4, 5, 9), (1, 2, 6, 7, 9), (4, 5, 6, 7, 9), (1, 2, 7, 8, 9), (1, 2, 3, 8, 9), (2, 3, 5, 6, 9), (1, 3, 4, 7, 8), (3, 4, 5, 6, 9), (1, 6, 7, 8, 9), (2, 3, 4, 5, 6), (1, 3, 4, 8, 9), (2, 3, 4, 5, 9), (5, 6, 7, 8, 9), (3, 4, 7, 8, 9), (1, 2, 3, 4, 9), (2, 3, 7, 8, 9), (3, 4, 6, 7, 9), (1, 5, 6, 7, 8), (2, 3, 4, 6, 7), (2, 3, 6, 7, 9), (1, 5, 6, 8, 9), (1, 2, 5, 6, 9), (1, 2, 4, 5, 6), (1, 4, 5, 6, 7), (1, 2, 3, 7, 8), (1, 4, 5, 7, 8), (1, 4, 5, 8, 9)}
sphere_28={(4, 5, 7, 8, 9), (1, 2, 4, 5, 9), (1, 2, 6, 7, 9), (1, 3, 4, 6, 7), (1, 2, 7, 8, 9), (1, 2, 3, 8, 9), (2, 3, 5, 6, 9), (3, 5, 6, 7, 9), (3, 4, 5, 6, 7), (1, 3, 4, 7, 8), (1, 6, 7, 8, 9), (1, 3, 4, 8, 9), (2, 3, 4, 5, 6), (2, 3, 4, 5, 9), (1, 2, 3, 4, 6), (5, 6, 7, 8, 9), (3, 4, 7, 8, 9), (1, 2, 3, 4, 9), (2, 3, 7, 8, 9), (1, 5, 6, 7, 8), (1, 5, 6, 8, 9), (2, 3, 6, 7, 9), (3, 4, 5, 7, 9), (1, 2, 3, 6, 7), (1, 2, 5, 6, 9), (1, 2, 4, 5, 6), (1, 4, 5, 6, 7), (1, 2, 3, 7, 8), (1, 4, 5, 7, 8), (1, 4, 5, 8, 9)}
sphere_29={(4, 5, 7, 8, 9), (1, 2, 4, 5, 9), (1, 4, 7, 8, 9), (4, 5, 6, 7, 9), (1, 3, 4, 6, 7), (1, 2, 3, 8, 9), (2, 3, 5, 6, 9), (1, 3, 7, 8, 9), (1, 2, 6, 8, 9), (1, 2, 6, 7, 8), (3, 4, 5, 6, 9), (2, 3, 4, 5, 9), (5, 6, 7, 8, 9), (1, 3, 4, 5, 6), (2, 6, 7, 8, 9), (1, 2, 3, 4, 9), (2, 3, 7, 8, 9), (1, 3, 4, 7, 9), (3, 4, 6, 7, 9), (1, 5, 6, 7, 8), (1, 5, 6, 8, 9), (2, 3, 6, 7, 9), (1, 2, 3, 4, 5), (1, 2, 3, 6, 7), (1, 2, 5, 6, 9), (1, 4, 5, 6, 7), (1, 2, 3, 7, 8), (1, 2, 3, 5, 6), (1, 4, 5, 7, 8), (1, 4, 5, 8, 9)}
sphere_30={(4, 5, 7, 8, 9), (1, 2, 4, 5, 9), (4, 5, 6, 7, 9), (1, 3, 4, 6, 7), (2, 3, 5, 6, 9), (1, 3, 4, 7, 8), (1, 2, 6, 7, 8), (1, 2, 6, 8, 9), (3, 4, 5, 6, 9), (1, 2, 3, 4, 8), (2, 3, 4, 5, 9), (5, 6, 7, 8, 9), (3, 4, 7, 8, 9), (1, 3, 4, 5, 6), (2, 6, 7, 8, 9), (2, 3, 7, 8, 9), (3, 4, 6, 7, 9), (1, 5, 6, 7, 8), (1, 5, 6, 8, 9), (2, 3, 6, 7, 9), (2, 3, 4, 8, 9), (1, 2, 3, 4, 5), (1, 2, 3, 6, 7), (1, 2, 5, 6, 9), (1, 4, 5, 6, 7), (1, 2, 3, 7, 8), (1, 2, 3, 5, 6), (1, 4, 5, 7, 8), (1, 4, 5, 8, 9), (1, 2, 4, 8, 9)}
sphere_31={(4, 5, 7, 8, 9), (1, 2, 4, 5, 9), (1, 3, 4, 6, 7), (1, 2, 3, 8, 9), (2, 3, 5, 6, 9), (3, 5, 6, 7, 9), (3, 4, 5, 6, 7), (1, 3, 4, 7, 8), (1, 2, 6, 7, 8), (1, 2, 6, 8, 9), (1, 3, 4, 8, 9), (2, 3, 4, 5, 9), (5, 6, 7, 8, 9), (3, 4, 7, 8, 9), (1, 3, 4, 5, 6), (2, 6, 7, 8, 9), (1, 2, 3, 4, 9), (2, 3, 7, 8, 9), (1, 5, 6, 7, 8), (1, 5, 6, 8, 9), (2, 3, 6, 7, 9), (3, 4, 5, 7, 9), (1, 2, 3, 4, 5), (1, 2, 3, 6, 7), (1, 2, 5, 6, 9), (1, 4, 5, 6, 7), (1, 2, 3, 7, 8), (1, 2, 3, 5, 6), (1, 4, 5, 7, 8), (1, 4, 5, 8, 9)}
sphere_32={(1, 2, 4, 5, 9), (1, 4, 7, 8, 9), (4, 5, 6, 7, 9), (1, 3, 4, 6, 7), (1, 2, 3, 8, 9), (2, 3, 5, 6, 9), (1, 3, 4, 7, 8), (1, 2, 6, 7, 8), (1, 2, 6, 8, 9), (3, 4, 5, 6, 9), (1, 3, 4, 8, 9), (2, 3, 4, 5, 9), (5, 6, 7, 8, 9), (3, 4, 7, 8, 9), (1, 3, 4, 5, 6), (2, 6, 7, 8, 9), (1, 2, 3, 4, 9), (2, 3, 7, 8, 9), (3, 4, 6, 7, 9), (1, 4, 5, 7, 9), (1, 5, 6, 7, 8), (1, 5, 6, 8, 9), (2, 3, 6, 7, 9), (1, 5, 7, 8, 9), (1, 2, 3, 4, 5), (1, 2, 3, 6, 7), (1, 2, 5, 6, 9), (1, 4, 5, 6, 7), (1, 2, 3, 7, 8), (1, 2, 3, 5, 6)}
sphere_33={(4, 5, 7, 8, 9), (1, 2, 4, 5, 9), (4, 5, 6, 7, 9), (1, 2, 3, 6, 8), (1, 3, 4, 6, 7), (1, 2, 3, 8, 9), (2, 3, 5, 6, 9), (1, 3, 4, 7, 8), (1, 2, 6, 8, 9), (3, 4, 5, 6, 9), (1, 3, 4, 8, 9), (2, 3, 4, 5, 9), (5, 6, 7, 8, 9), (3, 4, 7, 8, 9), (1, 3, 4, 5, 6), (2, 6, 7, 8, 9), (1, 2, 3, 4, 9), (2, 3, 7, 8, 9), (3, 4, 6, 7, 9), (1, 5, 6, 7, 8), (1, 5, 6, 8, 9), (2, 3, 6, 7, 9), (1, 2, 3, 4, 5), (1, 2, 5, 6, 9), (1, 4, 5, 6, 7), (2, 3, 6, 7, 8), (1, 2, 3, 5, 6), (1, 4, 5, 7, 8), (1, 4, 5, 8, 9), (1, 3, 6, 7, 8)}
sphere_34={(4, 5, 7, 8, 9), (1, 2, 4, 5, 9), (4, 5, 6, 7, 9), (1, 3, 4, 6, 7), (2, 5, 6, 8, 9), (1, 2, 3, 8, 9), (2, 3, 5, 6, 9), (1, 3, 4, 7, 8), (1, 2, 6, 7, 8), (3, 4, 5, 6, 9), (1, 3, 4, 8, 9), (2, 3, 4, 5, 9), (5, 6, 7, 8, 9), (3, 4, 7, 8, 9), (1, 3, 4, 5, 6), (2, 6, 7, 8, 9), (1, 2, 3, 4, 9), (2, 3, 7, 8, 9), (3, 4, 6, 7, 9), (1, 2, 5, 6, 8), (1, 5, 6, 7, 8), (2, 3, 6, 7, 9), (1, 2, 3, 4, 5), (1, 2, 3, 6, 7), (1, 4, 5, 6, 7), (1, 2, 3, 7, 8), (1, 2, 5, 8, 9), (1, 2, 3, 5, 6), (1, 4, 5, 7, 8), (1, 4, 5, 8, 9)}
sphere_61={(4, 5, 7, 8, 9), (1, 2, 3, 7, 9), (1, 2, 4, 5, 9), (4, 5, 6, 7, 9), (1, 3, 4, 6, 7), (1, 2, 7, 8, 9), (2, 3, 5, 6, 9), (1, 3, 7, 8, 9), (1, 3, 4, 7, 8), (1, 2, 6, 7, 8), (1, 2, 6, 8, 9), (3, 4, 5, 6, 9), (2, 3, 4, 5, 6), (1, 3, 4, 8, 9), (2, 3, 4, 5, 9), (1, 2, 3, 4, 6), (5, 6, 7, 8, 9), (3, 4, 7, 8, 9), (2, 6, 7, 8, 9), (1, 2, 3, 4, 9), (3, 4, 6, 7, 9), (1, 5, 6, 7, 8), (1, 5, 6, 8, 9), (2, 3, 6, 7, 9), (1, 2, 3, 6, 7), (1, 2, 5, 6, 9), (1, 2, 4, 5, 6), (1, 4, 5, 6, 7), (1, 4, 5, 7, 8), (1, 4, 5, 8, 9)}
sphere_62={(4, 5, 7, 8, 9), (1, 2, 3, 7, 9), (1, 2, 4, 5, 9), (1, 2, 6, 7, 9), (4, 5, 6, 7, 9), (1, 3, 4, 6, 7), (1, 2, 3, 8, 9), (2, 3, 5, 6, 9), (1, 3, 7, 8, 9), (1, 3, 4, 7, 8), (3, 4, 5, 6, 9), (1, 6, 7, 8, 9), (2, 3, 4, 5, 6), (1, 2, 3, 4, 8), (2, 3, 4, 5, 9), (1, 2, 3, 4, 6), (5, 6, 7, 8, 9), (3, 4, 7, 8, 9), (3, 4, 6, 7, 9), (1, 5, 6, 7, 8), (1, 5, 6, 8, 9), (2, 3, 6, 7, 9), (2, 3, 4, 8, 9), (1, 2, 3, 6, 7), (1, 2, 5, 6, 9), (1, 2, 4, 5, 6), (1, 4, 5, 6, 7), (1, 4, 5, 7, 8), (1, 4, 5, 8, 9), (1, 2, 4, 8, 9)}
sphere_63={(4, 5, 7, 8, 9), (1, 2, 3, 7, 9), (1, 2, 4, 5, 9), (1, 2, 6, 7, 9), (4, 5, 6, 7, 9), (1, 3, 4, 6, 7), (2, 5, 6, 8, 9), (2, 3, 5, 6, 9), (1, 3, 7, 8, 9), (1, 3, 4, 7, 8), (1, 2, 6, 8, 9), (1, 6, 7, 8, 9), (3, 4, 5, 6, 9), (2, 3, 4, 5, 6), (1, 3, 4, 8, 9), (2, 3, 4, 5, 9), (1, 2, 3, 4, 6), (5, 6, 7, 8, 9), (3, 4, 7, 8, 9), (1, 2, 3, 4, 9), (3, 4, 6, 7, 9), (1, 2, 5, 6, 8), (1, 5, 6, 7, 8), (2, 3, 6, 7, 9), (1, 2, 3, 6, 7), (1, 2, 4, 5, 6), (1, 4, 5, 6, 7), (1, 2, 5, 8, 9), (1, 4, 5, 7, 8), (1, 4, 5, 8, 9)}
sphere_64={(2, 4, 5, 8, 9), (4, 5, 7, 8, 9), (1, 2, 3, 7, 9), (1, 2, 6, 7, 9), (4, 5, 6, 7, 9), (1, 3, 4, 6, 7), (2, 3, 5, 6, 9), (1, 3, 7, 8, 9), (1, 3, 4, 7, 8), (3, 4, 5, 6, 9), (1, 6, 7, 8, 9), (2, 3, 4, 5, 6), (1, 3, 4, 8, 9), (2, 3, 4, 5, 9), (1, 2, 3, 4, 6), (5, 6, 7, 8, 9), (3, 4, 7, 8, 9), (1, 2, 3, 4, 9), (3, 4, 6, 7, 9), (1, 5, 6, 7, 8), (1, 5, 6, 8, 9), (2, 3, 6, 7, 9), (1, 2, 4, 5, 8), (1, 2, 3, 6, 7), (1, 2, 5, 6, 9), (1, 2, 4, 5, 6), (1, 4, 5, 6, 7), (1, 2, 5, 8, 9), (1, 4, 5, 7, 8), (1, 2, 4, 8, 9)}
sphere_65={(4, 5, 7, 8, 9), (1, 2, 3, 7, 9), (1, 2, 4, 5, 9), (1, 3, 4, 6, 7), (1, 2, 7, 8, 9), (2, 3, 5, 6, 9), (1, 3, 7, 8, 9), (3, 4, 5, 6, 7), (3, 5, 6, 7, 9), (1, 3, 4, 7, 8), (1, 2, 6, 7, 8), (1, 2, 6, 8, 9), (1, 3, 4, 8, 9), (2, 3, 4, 5, 9), (5, 6, 7, 8, 9), (3, 4, 7, 8, 9), (1, 3, 4, 5, 6), (2, 6, 7, 8, 9), (1, 2, 3, 4, 9), (1, 5, 6, 7, 8), (1, 5, 6, 8, 9), (2, 3, 6, 7, 9), (3, 4, 5, 7, 9), (1, 2, 3, 4, 5), (1, 2, 3, 6, 7), (1, 2, 5, 6, 9), (1, 4, 5, 6, 7), (1, 2, 3, 5, 6), (1, 4, 5, 7, 8), (1, 4, 5, 8, 9)}
sphere_66={(4, 5, 7, 8, 9), (1, 2, 3, 7, 9), (1, 2, 4, 5, 9), (1, 2, 6, 7, 9), (1, 3, 4, 6, 7), (2, 5, 6, 8, 9), (2, 3, 5, 6, 9), (1, 3, 7, 8, 9), (3, 4, 5, 6, 7), (3, 5, 6, 7, 9), (1, 3, 4, 7, 8), (1, 6, 7, 8, 9), (1, 2, 6, 8, 9), (1, 3, 4, 8, 9), (2, 3, 4, 5, 9), (5, 6, 7, 8, 9), (3, 4, 7, 8, 9), (1, 3, 4, 5, 6), (1, 2, 3, 4, 9), (1, 2, 5, 6, 8), (1, 5, 6, 7, 8), (2, 3, 6, 7, 9), (3, 4, 5, 7, 9), (1, 2, 3, 4, 5), (1, 2, 3, 6, 7), (1, 4, 5, 6, 7), (1, 2, 5, 8, 9), (1, 2, 3, 5, 6), (1, 4, 5, 7, 8), (1, 4, 5, 8, 9)}
sphere_67={(4, 5, 7, 8, 9), (1, 2, 3, 7, 9), (1, 2, 4, 5, 9), (4, 5, 6, 7, 9), (1, 3, 4, 6, 7), (2, 5, 6, 8, 9), (1, 2, 7, 8, 9), (2, 3, 5, 6, 9), (1, 3, 7, 8, 9), (1, 3, 4, 7, 8), (1, 2, 6, 7, 8), (3, 4, 5, 6, 9), (1, 3, 4, 8, 9), (2, 3, 4, 5, 9), (5, 6, 7, 8, 9), (3, 4, 7, 8, 9), (1, 3, 4, 5, 6), (2, 6, 7, 8, 9), (1, 2, 3, 4, 9), (3, 4, 6, 7, 9), (1, 2, 5, 6, 8), (1, 5, 6, 7, 8), (2, 3, 6, 7, 9), (1, 2, 3, 4, 5), (1, 2, 3, 6, 7), (1, 4, 5, 6, 7), (1, 2, 5, 8, 9), (1, 2, 3, 5, 6), (1, 4, 5, 7, 8), (1, 4, 5, 8, 9)}
sphere_68={(2, 4, 5, 8, 9), (4, 5, 7, 8, 9), (1, 2, 3, 7, 9), (1, 2, 6, 7, 9), (4, 5, 6, 7, 9), (1, 3, 4, 6, 7), (2, 5, 6, 8, 9), (2, 3, 5, 6, 9), (1, 3, 7, 8, 9), (1, 3, 4, 7, 8), (1, 2, 6, 8, 9), (1, 6, 7, 8, 9), (3, 4, 5, 6, 9), (1, 3, 4, 8, 9), (2, 3, 4, 5, 9), (5, 6, 7, 8, 9), (3, 4, 7, 8, 9), (1, 3, 4, 5, 6), (1, 2, 3, 4, 9), (3, 4, 6, 7, 9), (1, 2, 5, 6, 8), (1, 5, 6, 7, 8), (2, 3, 6, 7, 9), (1, 2, 4, 5, 8), (1, 2, 3, 4, 5), (1, 2, 3, 6, 7), (1, 4, 5, 6, 7), (1, 2, 3, 5, 6), (1, 4, 5, 7, 8), (1, 2, 4, 8, 9)}
sphere_87={(4, 5, 7, 8, 9), (1, 2, 6, 7, 9), (1, 3, 4, 6, 7), (1, 2, 7, 8, 9), (2, 3, 5, 6, 9), (3, 5, 6, 7, 9), (3, 4, 5, 6, 7), (1, 3, 4, 7, 8), (1, 6, 7, 8, 9), (1, 2, 3, 4, 8), (1, 3, 4, 5, 9), (5, 6, 7, 8, 9), (3, 4, 7, 8, 9), (1, 3, 4, 5, 6), (1, 2, 3, 4, 9), (2, 3, 7, 8, 9), (1, 5, 6, 7, 8), (1, 5, 6, 8, 9), (2, 3, 6, 7, 9), (3, 4, 5, 7, 9), (2, 3, 4, 8, 9), (1, 2, 3, 6, 7), (1, 2, 5, 6, 9), (1, 2, 3, 5, 9), (1, 4, 5, 6, 7), (1, 2, 3, 7, 8), (1, 2, 3, 5, 6), (1, 4, 5, 7, 8), (1, 4, 5, 8, 9), (1, 2, 4, 8, 9)}
sphere_88={(1, 2, 4, 6, 7), (4, 5, 7, 8, 9), (1, 2, 3, 4, 7), (1, 2, 6, 7, 9), (1, 2, 7, 8, 9), (1, 2, 3, 8, 9), (2, 3, 5, 6, 9), (3, 5, 6, 7, 9), (3, 4, 5, 6, 7), (1, 3, 4, 7, 8), (1, 6, 7, 8, 9), (1, 3, 4, 8, 9), (1, 3, 4, 5, 9), (1, 2, 3, 4, 6), (5, 6, 7, 8, 9), (3, 4, 7, 8, 9), (1, 3, 4, 5, 6), (2, 3, 7, 8, 9), (1, 5, 6, 7, 8), (2, 3, 4, 6, 7), (2, 3, 6, 7, 9), (3, 4, 5, 7, 9), (1, 5, 6, 8, 9), (1, 2, 5, 6, 9), (1, 2, 3, 5, 9), (1, 4, 5, 6, 7), (1, 2, 3, 7, 8), (1, 2, 3, 5, 6), (1, 4, 5, 7, 8), (1, 4, 5, 8, 9)}
sphere_89={(4, 5, 7, 8, 9), (1, 2, 6, 7, 9), (1, 3, 4, 6, 7), (1, 2, 7, 8, 9), (1, 2, 3, 8, 9), (2, 3, 5, 6, 9), (3, 5, 6, 7, 9), (3, 4, 5, 6, 7), (1, 3, 4, 7, 8), (1, 6, 7, 8, 9), (1, 3, 4, 8, 9), (2, 3, 4, 5, 6), (1, 3, 4, 5, 9), (1, 2, 3, 4, 6), (5, 6, 7, 8, 9), (3, 4, 7, 8, 9), (2, 3, 7, 8, 9), (1, 5, 6, 7, 8), (1, 5, 6, 8, 9), (2, 3, 6, 7, 9), (3, 4, 5, 7, 9), (1, 2, 3, 4, 5), (1, 2, 3, 6, 7), (1, 2, 5, 6, 9), (1, 2, 4, 5, 6), (1, 2, 3, 5, 9), (1, 4, 5, 6, 7), (1, 2, 3, 7, 8), (1, 4, 5, 7, 8), (1, 4, 5, 8, 9)}
sphere_90={(4, 5, 7, 8, 9), (1, 2, 3, 4, 7), (1, 2, 6, 7, 9), (1, 3, 4, 6, 7), (1, 2, 7, 8, 9), (1, 2, 3, 8, 9), (2, 3, 5, 6, 9), (3, 5, 6, 7, 9), (3, 4, 5, 6, 7), (1, 3, 4, 8, 9), (1, 6, 7, 8, 9), (1, 2, 3, 4, 8), (1, 3, 4, 5, 9), (5, 6, 7, 8, 9), (3, 4, 7, 8, 9), (1, 3, 4, 5, 6), (2, 3, 7, 8, 9), (1, 5, 6, 7, 8), (1, 5, 6, 8, 9), (2, 3, 6, 7, 9), (3, 4, 5, 7, 9), (2, 3, 4, 7, 8), (1, 2, 3, 6, 7), (1, 2, 5, 6, 9), (1, 2, 3, 5, 9), (1, 4, 5, 6, 7), (1, 2, 3, 5, 6), (1, 4, 5, 7, 8), (1, 4, 5, 8, 9), (1, 2, 4, 7, 8)}
sphere_91={(4, 5, 7, 8, 9), (1, 2, 6, 7, 9), (1, 3, 4, 6, 7), (1, 2, 7, 8, 9), (1, 2, 3, 8, 9), (2, 3, 4, 7, 9), (3, 5, 6, 7, 9), (3, 4, 5, 6, 7), (1, 3, 4, 7, 8), (1, 6, 7, 8, 9), (2, 3, 5, 6, 9), (1, 3, 4, 8, 9), (1, 3, 4, 5, 9), (5, 6, 7, 8, 9), (1, 3, 4, 5, 6), (1, 5, 6, 7, 8), (1, 5, 6, 8, 9), (2, 3, 6, 7, 9), (3, 4, 5, 7, 9), (2, 3, 4, 8, 9), (2, 3, 4, 7, 8), (1, 2, 3, 6, 7), (1, 2, 5, 6, 9), (2, 4, 7, 8, 9), (1, 2, 3, 5, 9), (1, 4, 5, 6, 7), (1, 2, 3, 7, 8), (1, 2, 3, 5, 6), (1, 4, 5, 7, 8), (1, 4, 5, 8, 9)}
sphere_94={(4, 5, 7, 8, 9), (1, 2, 6, 7, 9), (4, 5, 6, 7, 8), (4, 5, 6, 7, 9), (1, 3, 4, 6, 7), (1, 2, 7, 8, 9), (1, 4, 6, 7, 8), (1, 2, 3, 8, 9), (1, 3, 4, 7, 8), (1, 3, 4, 8, 9), (1, 6, 7, 8, 9), (2, 3, 4, 5, 6), (1, 3, 4, 5, 9), (2, 3, 4, 5, 9), (5, 6, 7, 8, 9), (3, 4, 7, 8, 9), (1, 3, 4, 5, 6), (2, 3, 7, 8, 9), (3, 4, 6, 7, 9), (2, 3, 4, 6, 9), (1, 5, 6, 8, 9), (2, 3, 6, 7, 9), (1, 4, 5, 6, 8), (1, 2, 3, 6, 7), (1, 2, 5, 6, 9), (1, 2, 3, 5, 9), (1, 2, 3, 7, 8), (1, 2, 3, 5, 6), (1, 4, 5, 8, 9), (2, 4, 5, 6, 9)}
sphere_95={(1, 2, 4, 6, 7), (4, 5, 7, 8, 9), (1, 2, 3, 4, 7), (1, 2, 6, 7, 9), (4, 5, 6, 7, 8), (4, 5, 6, 7, 9), (1, 2, 7, 8, 9), (1, 4, 6, 7, 8), (1, 2, 3, 8, 9), (2, 3, 5, 6, 9), (1, 3, 4, 7, 8), (3, 4, 5, 6, 9), (1, 6, 7, 8, 9), (1, 3, 4, 8, 9), (1, 3, 4, 5, 9), (1, 2, 3, 4, 6), (5, 6, 7, 8, 9), (3, 4, 7, 8, 9), (1, 3, 4, 5, 6), (2, 3, 7, 8, 9), (3, 4, 6, 7, 9), (2, 3, 4, 6, 7), (2, 3, 6, 7, 9), (1, 5, 6, 8, 9), (1, 4, 5, 6, 8), (1, 2, 5, 6, 9), (1, 2, 3, 5, 9), (1, 2, 3, 7, 8), (1, 2, 3, 5, 6), (1, 4, 5, 8, 9)}
sphere_96={(4, 5, 7, 8, 9), (1, 2, 6, 7, 9), (4, 5, 6, 7, 8), (4, 5, 6, 7, 9), (1, 3, 4, 6, 7), (1, 2, 7, 8, 9), (1, 4, 6, 7, 8), (1, 2, 3, 8, 9), (2, 3, 5, 6, 9), (1, 3, 4, 7, 8), (3, 4, 5, 6, 9), (1, 6, 7, 8, 9), (2, 3, 4, 5, 6), (1, 3, 4, 8, 9), (1, 3, 4, 5, 9), (1, 2, 3, 4, 6), (5, 6, 7, 8, 9), (3, 4, 7, 8, 9), (2, 3, 7, 8, 9), (3, 4, 6, 7, 9), (1, 5, 6, 8, 9), (2, 3, 6, 7, 9), (1, 4, 5, 6, 8), (1, 2, 3, 4, 5), (1, 2, 3, 6, 7), (1, 2, 5, 6, 9), (1, 2, 4, 5, 6), (1, 2, 3, 5, 9), (1, 2, 3, 7, 8), (1, 4, 5, 8, 9)}
sphere_97={(4, 5, 7, 8, 9), (1, 2, 3, 4, 7), (1, 2, 6, 7, 9), (4, 5, 6, 7, 8), (4, 5, 6, 7, 9), (1, 3, 4, 6, 7), (1, 2, 7, 8, 9), (1, 4, 6, 7, 8), (1, 2, 3, 8, 9), (2, 3, 5, 6, 9), (3, 4, 5, 6, 9), (1, 6, 7, 8, 9), (1, 2, 3, 4, 8), (1, 3, 4, 8, 9), (1, 3, 4, 5, 9), (5, 6, 7, 8, 9), (3, 4, 7, 8, 9), (1, 3, 4, 5, 6), (2, 3, 7, 8, 9), (3, 4, 6, 7, 9), (1, 5, 6, 8, 9), (2, 3, 6, 7, 9), (1, 4, 5, 6, 8), (2, 3, 4, 7, 8), (1, 2, 3, 6, 7), (1, 2, 5, 6, 9), (1, 2, 3, 5, 9), (1, 2, 3, 5, 6), (1, 4, 5, 8, 9), (1, 2, 4, 7, 8)}
sphere_98={(4, 5, 7, 8, 9), (1, 2, 6, 7, 9), (4, 5, 6, 7, 8), (4, 5, 6, 7, 9), (1, 3, 4, 6, 7), (1, 2, 7, 8, 9), (1, 4, 6, 7, 8), (2, 3, 4, 7, 9), (1, 2, 3, 8, 9), (1, 3, 4, 7, 8), (2, 3, 5, 6, 9), (1, 6, 7, 8, 9), (3, 4, 5, 6, 9), (1, 3, 4, 8, 9), (1, 3, 4, 5, 9), (5, 6, 7, 8, 9), (3, 4, 7, 8, 9), (1, 3, 4, 5, 6), (2, 3, 7, 8, 9), (2, 3, 4, 6, 9), (2, 3, 4, 6, 7), (1, 5, 6, 8, 9), (1, 4, 5, 6, 8), (2, 4, 6, 7, 9), (1, 2, 3, 6, 7), (1, 2, 5, 6, 9), (1, 2, 3, 5, 9), (1, 2, 3, 7, 8), (1, 2, 3, 5, 6), (1, 4, 5, 8, 9)}
sphere_99={(4, 5, 7, 8, 9), (1, 2, 6, 7, 9), (4, 5, 6, 7, 8), (4, 5, 6, 7, 9), (1, 3, 4, 6, 7), (1, 2, 7, 8, 9), (1, 4, 6, 7, 8), (2, 3, 4, 7, 9), (1, 2, 3, 8, 9), (1, 3, 4, 7, 8), (2, 3, 5, 6, 9), (1, 6, 7, 8, 9), (3, 4, 5, 6, 9), (1, 3, 4, 8, 9), (1, 3, 4, 5, 9), (5, 6, 7, 8, 9), (1, 3, 4, 5, 6), (3, 4, 6, 7, 9), (1, 5, 6, 8, 9), (2, 3, 6, 7, 9), (1, 4, 5, 6, 8), (2, 3, 4, 8, 9), (2, 3, 4, 7, 8), (1, 2, 3, 6, 7), (1, 2, 5, 6, 9), (2, 4, 7, 8, 9), (1, 2, 3, 5, 9), (1, 2, 3, 7, 8), (1, 2, 3, 5, 6), (1, 4, 5, 8, 9)}
sphere_103={(4, 5, 7, 8, 9), (4, 5, 6, 7, 9), (1, 3, 4, 6, 7), (2, 3, 5, 6, 9), (1, 3, 4, 7, 8), (1, 2, 6, 7, 8), (1, 2, 6, 8, 9), (3, 4, 5, 6, 9), (1, 2, 3, 4, 8), (1, 3, 4, 5, 9), (5, 6, 7, 8, 9), (3, 4, 7, 8, 9), (1, 3, 4, 5, 6), (2, 6, 7, 8, 9), (1, 2, 3, 4, 9), (2, 3, 7, 8, 9), (3, 4, 6, 7, 9), (1, 5, 6, 7, 8), (1, 5, 6, 8, 9), (2, 3, 6, 7, 9), (2, 3, 4, 8, 9), (1, 2, 3, 6, 7), (1, 2, 5, 6, 9), (1, 2, 3, 5, 9), (1, 4, 5, 6, 7), (1, 2, 3, 7, 8), (1, 2, 3, 5, 6), (1, 4, 5, 7, 8), (1, 4, 5, 8, 9), (1, 2, 4, 8, 9)}
sphere_104={(4, 5, 7, 8, 9), (1, 2, 3, 4, 7), (4, 5, 6, 7, 9), (1, 3, 4, 6, 7), (1, 2, 3, 8, 9), (2, 3, 5, 6, 9), (1, 2, 6, 8, 9), (1, 2, 6, 7, 8), (3, 4, 5, 6, 9), (1, 2, 3, 4, 8), (1, 3, 4, 8, 9), (1, 3, 4, 5, 9), (5, 6, 7, 8, 9), (3, 4, 7, 8, 9), (1, 3, 4, 5, 6), (2, 6, 7, 8, 9), (2, 3, 7, 8, 9), (3, 4, 6, 7, 9), (1, 5, 6, 7, 8), (1, 5, 6, 8, 9), (2, 3, 6, 7, 9), (2, 3, 4, 7, 8), (1, 2, 3, 6, 7), (1, 2, 5, 6, 9), (1, 2, 3, 5, 9), (1, 4, 5, 6, 7), (1, 2, 3, 5, 6), (1, 4, 5, 7, 8), (1, 4, 5, 8, 9), (1, 2, 4, 7, 8)}
sphere_107={(4, 5, 7, 8, 9), (1, 2, 6, 7, 9), (4, 5, 6, 7, 9), (1, 3, 4, 6, 7), (3, 4, 5, 8, 9), (1, 2, 7, 8, 9), (1, 2, 3, 8, 9), (1, 3, 4, 7, 8), (1, 6, 7, 8, 9), (2, 3, 4, 5, 6), (2, 3, 4, 5, 9), (5, 6, 7, 8, 9), (3, 4, 7, 8, 9), (1, 3, 4, 5, 6), (2, 3, 7, 8, 9), (3, 4, 6, 7, 9), (1, 3, 4, 5, 8), (1, 5, 6, 7, 8), (2, 3, 4, 6, 9), (2, 3, 6, 7, 9), (1, 5, 6, 8, 9), (1, 3, 5, 8, 9), (1, 2, 3, 6, 7), (1, 2, 5, 6, 9), (1, 2, 3, 5, 9), (1, 4, 5, 6, 7), (1, 2, 3, 7, 8), (1, 2, 3, 5, 6), (1, 4, 5, 7, 8), (2, 4, 5, 6, 9)}
sphere_108={(1, 2, 4, 6, 7), (4, 5, 7, 8, 9), (1, 2, 3, 4, 7), (1, 2, 6, 7, 9), (4, 5, 6, 7, 9), (3, 4, 5, 8, 9), (1, 2, 7, 8, 9), (1, 2, 3, 8, 9), (2, 3, 5, 6, 9), (1, 3, 4, 7, 8), (3, 4, 5, 6, 9), (1, 6, 7, 8, 9), (1, 2, 3, 4, 6), (5, 6, 7, 8, 9), (3, 4, 7, 8, 9), (1, 3, 4, 5, 6), (2, 3, 7, 8, 9), (3, 4, 6, 7, 9), (1, 3, 4, 5, 8), (1, 5, 6, 7, 8), (2, 3, 4, 6, 7), (2, 3, 6, 7, 9), (1, 5, 6, 8, 9), (1, 3, 5, 8, 9), (1, 2, 5, 6, 9), (1, 2, 3, 5, 9), (1, 4, 5, 6, 7), (1, 2, 3, 7, 8), (1, 2, 3, 5, 6), (1, 4, 5, 7, 8)}
sphere_109={(4, 5, 7, 8, 9), (1, 2, 3, 4, 7), (1, 2, 6, 7, 9), (4, 5, 6, 7, 9), (1, 3, 4, 6, 7), (3, 4, 5, 8, 9), (1, 2, 7, 8, 9), (1, 2, 3, 8, 9), (2, 3, 5, 6, 9), (3, 4, 5, 6, 9), (1, 6, 7, 8, 9), (1, 2, 3, 4, 8), (5, 6, 7, 8, 9), (3, 4, 7, 8, 9), (1, 3, 4, 5, 6), (2, 3, 7, 8, 9), (3, 4, 6, 7, 9), (1, 3, 4, 5, 8), (1, 5, 6, 7, 8), (1, 5, 6, 8, 9), (2, 3, 6, 7, 9), (1, 3, 5, 8, 9), (2, 3, 4, 7, 8), (1, 2, 3, 6, 7), (1, 2, 5, 6, 9), (1, 2, 3, 5, 9), (1, 4, 5, 6, 7), (1, 2, 3, 5, 6), (1, 4, 5, 7, 8), (1, 2, 4, 7, 8)}
sphere_110={(4, 5, 7, 8, 9), (1, 2, 6, 7, 9), (4, 5, 6, 7, 9), (1, 3, 4, 6, 7), (1, 2, 7, 8, 9), (2, 3, 5, 6, 9), (2, 3, 4, 7, 9), (1, 3, 4, 7, 8), (3, 4, 5, 6, 9), (1, 6, 7, 8, 9), (1, 2, 3, 4, 8), (1, 3, 4, 5, 9), (5, 6, 7, 8, 9), (1, 3, 4, 5, 6), (1, 2, 3, 4, 9), (3, 4, 6, 7, 9), (1, 5, 6, 7, 8), (1, 5, 6, 8, 9), (2, 3, 6, 7, 9), (2, 3, 4, 7, 8), (1, 2, 3, 6, 7), (1, 2, 5, 6, 9), (2, 4, 7, 8, 9), (1, 2, 3, 5, 9), (1, 4, 5, 6, 7), (1, 2, 3, 7, 8), (1, 2, 3, 5, 6), (1, 4, 5, 7, 8), (1, 4, 5, 8, 9), (1, 2, 4, 8, 9)}
sphere_111={(4, 5, 7, 8, 9), (1, 2, 6, 7, 9), (4, 5, 6, 7, 9), (1, 3, 4, 6, 7), (1, 2, 7, 8, 9), (1, 2, 3, 8, 9), (2, 3, 4, 7, 9), (1, 3, 4, 7, 8), (1, 3, 4, 8, 9), (1, 6, 7, 8, 9), (2, 3, 4, 5, 6), (1, 3, 4, 5, 9), (2, 3, 4, 5, 9), (5, 6, 7, 8, 9), (3, 4, 7, 8, 9), (1, 3, 4, 5, 6), (2, 3, 7, 8, 9), (1, 5, 6, 7, 8), (2, 3, 4, 6, 7), (1, 5, 6, 8, 9), (2, 4, 6, 7, 9), (1, 2, 3, 6, 7), (1, 2, 5, 6, 9), (1, 2, 3, 5, 9), (1, 4, 5, 6, 7), (1, 2, 3, 7, 8), (1, 2, 3, 5, 6), (1, 4, 5, 7, 8), (1, 4, 5, 8, 9), (2, 4, 5, 6, 9)}
sphere_112={(1, 2, 4, 6, 7), (4, 5, 7, 8, 9), (1, 2, 6, 7, 9), (4, 5, 6, 7, 9), (1, 2, 7, 8, 9), (1, 2, 3, 8, 9), (2, 3, 5, 6, 9), (3, 4, 5, 6, 9), (1, 6, 7, 8, 9), (1, 2, 3, 4, 8), (1, 3, 4, 8, 9), (1, 3, 4, 5, 9), (1, 2, 3, 4, 6), (5, 6, 7, 8, 9), (3, 4, 7, 8, 9), (1, 3, 4, 5, 6), (2, 3, 7, 8, 9), (3, 4, 6, 7, 9), (1, 5, 6, 7, 8), (2, 3, 4, 6, 7), (2, 3, 6, 7, 9), (1, 5, 6, 8, 9), (2, 3, 4, 7, 8), (1, 2, 5, 6, 9), (1, 2, 3, 5, 9), (1, 4, 5, 6, 7), (1, 2, 3, 5, 6), (1, 4, 5, 7, 8), (1, 4, 5, 8, 9), (1, 2, 4, 7, 8)}
sphere_113={(4, 5, 7, 8, 9), (1, 2, 3, 4, 7), (1, 2, 6, 7, 9), (4, 5, 6, 7, 9), (1, 3, 4, 6, 7), (1, 2, 7, 8, 9), (1, 2, 3, 8, 9), (2, 3, 4, 7, 9), (2, 3, 5, 6, 9), (3, 4, 5, 6, 9), (1, 6, 7, 8, 9), (1, 2, 3, 4, 8), (1, 3, 4, 8, 9), (1, 3, 4, 5, 9), (5, 6, 7, 8, 9), (1, 3, 4, 5, 6), (3, 4, 6, 7, 9), (1, 5, 6, 7, 8), (1, 5, 6, 8, 9), (2, 3, 6, 7, 9), (2, 3, 4, 8, 9), (1, 2, 3, 6, 7), (1, 2, 5, 6, 9), (2, 4, 7, 8, 9), (1, 2, 3, 5, 9), (1, 4, 5, 6, 7), (1, 2, 3, 5, 6), (1, 4, 5, 7, 8), (1, 4, 5, 8, 9), (1, 2, 4, 7, 8)}
sphere_116={(4, 5, 7, 8, 9), (1, 2, 4, 5, 9), (1, 2, 6, 7, 9), (4, 5, 6, 7, 9), (1, 3, 4, 6, 7), (3, 4, 5, 8, 9), (1, 2, 7, 8, 9), (1, 2, 3, 8, 9), (1, 3, 4, 7, 8), (1, 6, 7, 8, 9), (1, 3, 4, 5, 9), (1, 2, 3, 4, 6), (5, 6, 7, 8, 9), (3, 4, 7, 8, 9), (1, 2, 3, 4, 9), (2, 3, 7, 8, 9), (3, 4, 6, 7, 9), (1, 3, 4, 5, 8), (1, 5, 6, 7, 8), (2, 3, 4, 6, 9), (2, 3, 6, 7, 9), (1, 5, 6, 8, 9), (1, 3, 5, 8, 9), (1, 2, 3, 6, 7), (1, 2, 5, 6, 9), (1, 2, 4, 5, 6), (1, 4, 5, 6, 7), (1, 2, 3, 7, 8), (1, 4, 5, 7, 8), (2, 4, 5, 6, 9)}
sphere_117={(4, 5, 7, 8, 9), (1, 2, 4, 5, 9), (1, 4, 7, 8, 9), (4, 5, 6, 7, 9), (1, 3, 4, 6, 7), (1, 2, 3, 8, 9), (2, 3, 5, 6, 9), (1, 3, 7, 8, 9), (1, 2, 6, 8, 9), (1, 2, 6, 7, 8), (3, 4, 5, 6, 9), (2, 3, 4, 5, 6), (2, 3, 4, 5, 9), (1, 2, 3, 4, 6), (5, 6, 7, 8, 9), (2, 6, 7, 8, 9), (1, 2, 3, 4, 9), (2, 3, 7, 8, 9), (1, 3, 4, 7, 9), (3, 4, 6, 7, 9), (1, 5, 6, 7, 8), (1, 5, 6, 8, 9), (2, 3, 6, 7, 9), (1, 2, 3, 6, 7), (1, 2, 5, 6, 9), (1, 2, 4, 5, 6), (1, 4, 5, 6, 7), (1, 2, 3, 7, 8), (1, 4, 5, 7, 8), (1, 4, 5, 8, 9)}
sphere_118={(1, 2, 4, 5, 9), (4, 5, 6, 7, 8), (1, 3, 4, 6, 7), (1, 2, 3, 8, 9), (2, 3, 5, 6, 9), (1, 3, 4, 7, 8), (1, 2, 6, 7, 8), (1, 2, 6, 8, 9), (3, 4, 5, 6, 9), (2, 3, 4, 5, 6), (1, 3, 4, 8, 9), (2, 3, 4, 5, 9), (1, 2, 3, 4, 6), (3, 4, 7, 8, 9), (2, 6, 7, 8, 9), (1, 2, 3, 4, 9), (2, 3, 7, 8, 9), (3, 4, 6, 7, 9), (1, 5, 6, 7, 8), (1, 5, 6, 8, 9), (2, 3, 6, 7, 9), (4, 5, 6, 8, 9), (1, 2, 5, 6, 9), (1, 2, 4, 5, 6), (1, 2, 3, 6, 7), (1, 4, 5, 6, 7), (1, 2, 3, 7, 8), (4, 6, 7, 8, 9), (1, 4, 5, 7, 8), (1, 4, 5, 8, 9)}
sphere_119={(4, 5, 7, 8, 9), (1, 2, 4, 5, 9), (4, 5, 6, 7, 9), (1, 3, 4, 6, 7), (2, 3, 5, 6, 9), (1, 3, 4, 7, 8), (1, 2, 6, 7, 8), (1, 2, 6, 8, 9), (3, 4, 5, 6, 9), (2, 3, 4, 5, 6), (1, 2, 3, 4, 8), (2, 3, 4, 5, 9), (1, 2, 3, 4, 6), (5, 6, 7, 8, 9), (3, 4, 7, 8, 9), (2, 6, 7, 8, 9), (2, 3, 7, 8, 9), (3, 4, 6, 7, 9), (1, 5, 6, 7, 8), (1, 5, 6, 8, 9), (2, 3, 6, 7, 9), (2, 3, 4, 8, 9), (1, 2, 3, 6, 7), (1, 2, 5, 6, 9), (1, 2, 4, 5, 6), (1, 4, 5, 6, 7), (1, 2, 3, 7, 8), (1, 4, 5, 7, 8), (1, 4, 5, 8, 9), (1, 2, 4, 8, 9)}
sphere_120={(1, 2, 4, 6, 7), (4, 5, 7, 8, 9), (1, 2, 3, 4, 7), (1, 2, 4, 5, 9), (4, 5, 6, 7, 9), (1, 2, 3, 8, 9), (2, 3, 5, 6, 9), (1, 3, 4, 7, 8), (1, 2, 6, 7, 8), (1, 2, 6, 8, 9), (3, 4, 5, 6, 9), (2, 3, 4, 5, 6), (1, 3, 4, 8, 9), (2, 3, 4, 5, 9), (5, 6, 7, 8, 9), (3, 4, 7, 8, 9), (2, 6, 7, 8, 9), (1, 2, 3, 4, 9), (2, 3, 7, 8, 9), (3, 4, 6, 7, 9), (1, 5, 6, 7, 8), (2, 3, 4, 6, 7), (2, 3, 6, 7, 9), (1, 5, 6, 8, 9), (1, 2, 5, 6, 9), (1, 2, 4, 5, 6), (1, 4, 5, 6, 7), (1, 2, 3, 7, 8), (1, 4, 5, 7, 8), (1, 4, 5, 8, 9)}
sphere_121={(4, 5, 7, 8, 9), (1, 2, 4, 5, 9), (1, 3, 4, 6, 7), (1, 2, 3, 8, 9), (2, 3, 5, 6, 9), (3, 5, 6, 7, 9), (3, 4, 5, 6, 7), (1, 3, 4, 7, 8), (1, 2, 6, 7, 8), (1, 2, 6, 8, 9), (1, 3, 4, 8, 9), (2, 3, 4, 5, 6), (2, 3, 4, 5, 9), (1, 2, 3, 4, 6), (5, 6, 7, 8, 9), (3, 4, 7, 8, 9), (2, 6, 7, 8, 9), (1, 2, 3, 4, 9), (2, 3, 7, 8, 9), (1, 5, 6, 7, 8), (1, 5, 6, 8, 9), (2, 3, 6, 7, 9), (3, 4, 5, 7, 9), (1, 2, 3, 6, 7), (1, 2, 5, 6, 9), (1, 2, 4, 5, 6), (1, 4, 5, 6, 7), (1, 2, 3, 7, 8), (1, 4, 5, 7, 8), (1, 4, 5, 8, 9)}
sphere_122={(1, 2, 4, 5, 9), (1, 4, 7, 8, 9), (4, 5, 6, 7, 9), (1, 3, 4, 6, 7), (1, 2, 3, 8, 9), (2, 3, 5, 6, 9), (1, 3, 4, 7, 8), (1, 2, 6, 7, 8), (1, 2, 6, 8, 9), (3, 4, 5, 6, 9), (2, 3, 4, 5, 6), (1, 3, 4, 8, 9), (2, 3, 4, 5, 9), (1, 2, 3, 4, 6), (5, 6, 7, 8, 9), (3, 4, 7, 8, 9), (2, 6, 7, 8, 9), (1, 2, 3, 4, 9), (2, 3, 7, 8, 9), (3, 4, 6, 7, 9), (1, 5, 6, 7, 8), (1, 5, 6, 8, 9), (2, 3, 6, 7, 9), (1, 5, 7, 8, 9), (1, 2, 3, 6, 7), (1, 2, 5, 6, 9), (1, 2, 4, 5, 6), (1, 4, 5, 6, 7), (1, 2, 3, 7, 8), (1, 4, 5, 7, 9)}
sphere_123={(4, 5, 7, 8, 9), (1, 2, 4, 5, 9), (4, 5, 6, 7, 9), (1, 3, 4, 6, 7), (2, 5, 6, 8, 9), (1, 2, 3, 8, 9), (2, 3, 5, 6, 9), (1, 3, 4, 7, 8), (1, 2, 6, 7, 8), (3, 4, 5, 6, 9), (2, 3, 4, 5, 6), (1, 3, 4, 8, 9), (2, 3, 4, 5, 9), (1, 2, 3, 4, 6), (5, 6, 7, 8, 9), (3, 4, 7, 8, 9), (2, 6, 7, 8, 9), (1, 2, 3, 4, 9), (2, 3, 7, 8, 9), (3, 4, 6, 7, 9), (1, 2, 5, 6, 8), (1, 5, 6, 7, 8), (2, 3, 6, 7, 9), (1, 2, 3, 6, 7), (1, 2, 4, 5, 6), (1, 4, 5, 6, 7), (1, 2, 3, 7, 8), (1, 2, 5, 8, 9), (1, 4, 5, 7, 8), (1, 4, 5, 8, 9)}
sphere_124={(4, 5, 7, 8, 9), (1, 2, 4, 5, 9), (4, 5, 6, 7, 9), (1, 3, 4, 6, 7), (1, 2, 3, 8, 9), (2, 3, 5, 6, 9), (1, 3, 4, 7, 8), (1, 2, 6, 7, 8), (1, 2, 6, 8, 9), (3, 4, 5, 6, 9), (2, 3, 4, 5, 6), (1, 3, 4, 8, 9), (2, 3, 4, 5, 9), (1, 2, 3, 4, 6), (5, 6, 7, 8, 9), (3, 4, 7, 8, 9), (1, 2, 3, 7, 8), (1, 2, 3, 4, 9), (3, 4, 6, 7, 9), (1, 5, 6, 7, 8), (1, 5, 6, 8, 9), (1, 2, 3, 6, 7), (1, 2, 5, 6, 9), (1, 2, 4, 5, 6), (3, 6, 7, 8, 9), (2, 3, 6, 8, 9), (1, 4, 5, 6, 7), (2, 3, 6, 7, 8), (1, 4, 5, 7, 8), (1, 4, 5, 8, 9)}
sphere_125={(4, 5, 7, 8, 9), (1, 2, 3, 7, 9), (1, 2, 4, 5, 9), (1, 2, 3, 6, 9), (4, 5, 6, 7, 9), (1, 3, 4, 6, 7), (1, 2, 7, 8, 9), (2, 3, 5, 6, 9), (1, 3, 4, 7, 8), (3, 4, 5, 6, 9), (1, 6, 7, 8, 9), (2, 3, 4, 5, 6), (1, 2, 3, 4, 8), (1, 3, 6, 7, 9), (2, 3, 4, 5, 9), (1, 2, 3, 4, 6), (5, 6, 7, 8, 9), (3, 4, 7, 8, 9), (2, 3, 7, 8, 9), (3, 4, 6, 7, 9), (1, 5, 6, 7, 8), (1, 5, 6, 8, 9), (2, 3, 4, 8, 9), (1, 2, 5, 6, 9), (1, 2, 4, 5, 6), (1, 4, 5, 6, 7), (1, 2, 3, 7, 8), (1, 4, 5, 7, 8), (1, 4, 5, 8, 9), (1, 2, 4, 8, 9)}
sphere_126={(4, 5, 7, 8, 9), (1, 2, 4, 5, 9), (1, 2, 6, 7, 9), (4, 5, 6, 7, 9), (1, 3, 4, 6, 7), (1, 2, 7, 8, 9), (2, 3, 5, 6, 9), (2, 3, 4, 7, 9), (1, 3, 4, 7, 8), (3, 4, 5, 6, 9), (1, 6, 7, 8, 9), (2, 3, 4, 5, 6), (1, 2, 3, 4, 8), (2, 3, 4, 5, 9), (1, 2, 3, 4, 6), (5, 6, 7, 8, 9), (3, 4, 6, 7, 9), (1, 5, 6, 7, 8), (1, 5, 6, 8, 9), (2, 3, 6, 7, 9), (2, 3, 4, 7, 8), (1, 2, 3, 6, 7), (1, 2, 5, 6, 9), (1, 2, 4, 5, 6), (2, 4, 7, 8, 9), (1, 4, 5, 6, 7), (1, 2, 3, 7, 8), (1, 4, 5, 7, 8), (1, 4, 5, 8, 9), (1, 2, 4, 8, 9)}
sphere_127={(4, 5, 7, 8, 9), (1, 2, 4, 5, 9), (1, 2, 6, 7, 9), (1, 3, 4, 6, 7), (1, 2, 7, 8, 9), (2, 3, 5, 6, 9), (3, 5, 6, 7, 9), (3, 4, 5, 6, 7), (1, 3, 4, 7, 8), (1, 6, 7, 8, 9), (2, 3, 4, 5, 6), (1, 2, 3, 4, 8), (2, 3, 4, 5, 9), (1, 2, 3, 4, 6), (5, 6, 7, 8, 9), (3, 4, 7, 8, 9), (2, 3, 7, 8, 9), (1, 5, 6, 7, 8), (1, 5, 6, 8, 9), (2, 3, 6, 7, 9), (3, 4, 5, 7, 9), (2, 3, 4, 8, 9), (1, 2, 3, 6, 7), (1, 2, 5, 6, 9), (1, 2, 4, 5, 6), (1, 4, 5, 6, 7), (1, 2, 3, 7, 8), (1, 4, 5, 7, 8), (1, 4, 5, 8, 9), (1, 2, 4, 8, 9)}
sphere_128={(2, 4, 5, 8, 9), (4, 5, 7, 8, 9), (1, 2, 6, 7, 9), (4, 5, 6, 7, 9), (1, 3, 4, 6, 7), (1, 2, 7, 8, 9), (2, 3, 5, 6, 9), (1, 3, 4, 7, 8), (3, 4, 5, 6, 9), (1, 6, 7, 8, 9), (2, 3, 4, 5, 6), (1, 2, 3, 4, 8), (2, 3, 4, 5, 9), (1, 2, 3, 4, 6), (5, 6, 7, 8, 9), (3, 4, 7, 8, 9), (2, 3, 7, 8, 9), (3, 4, 6, 7, 9), (1, 5, 6, 7, 8), (1, 5, 6, 8, 9), (2, 3, 6, 7, 9), (2, 3, 4, 8, 9), (1, 2, 4, 5, 8), (1, 2, 3, 6, 7), (1, 2, 5, 6, 9), (1, 2, 4, 5, 6), (1, 4, 5, 6, 7), (1, 2, 3, 7, 8), (1, 2, 5, 8, 9), (1, 4, 5, 7, 8)}
sphere_129={(1, 2, 4, 6, 9), (4, 5, 7, 8, 9), (1, 2, 6, 7, 9), (1, 3, 4, 6, 7), (1, 2, 7, 8, 9), (1, 2, 3, 8, 9), (2, 3, 5, 6, 9), (3, 5, 6, 7, 9), (3, 4, 5, 6, 7), (1, 3, 4, 7, 8), (1, 6, 7, 8, 9), (1, 3, 4, 8, 9), (2, 3, 4, 5, 6), (2, 3, 4, 5, 9), (1, 2, 3, 4, 6), (5, 6, 7, 8, 9), (3, 4, 7, 8, 9), (1, 2, 3, 4, 9), (2, 3, 7, 8, 9), (1, 5, 6, 7, 8), (1, 5, 6, 8, 9), (2, 3, 6, 7, 9), (3, 4, 5, 7, 9), (1, 2, 3, 6, 7), (1, 4, 5, 6, 7), (1, 4, 5, 6, 9), (1, 2, 3, 7, 8), (1, 4, 5, 7, 8), (1, 4, 5, 8, 9), (2, 4, 5, 6, 9)}
sphere_131={(4, 5, 7, 8, 9), (1, 2, 4, 5, 9), (1, 4, 7, 8, 9), (4, 5, 6, 7, 9), (1, 3, 4, 6, 7), (1, 2, 3, 6, 8), (1, 2, 3, 8, 9), (2, 3, 5, 6, 9), (1, 3, 7, 8, 9), (1, 2, 6, 8, 9), (3, 4, 5, 6, 9), (2, 3, 4, 5, 9), (5, 6, 7, 8, 9), (1, 3, 4, 5, 6), (2, 6, 7, 8, 9), (1, 2, 3, 4, 9), (2, 3, 7, 8, 9), (1, 3, 4, 7, 9), (3, 4, 6, 7, 9), (1, 5, 6, 7, 8), (1, 5, 6, 8, 9), (2, 3, 6, 7, 9), (1, 2, 3, 4, 5), (1, 2, 5, 6, 9), (1, 4, 5, 6, 7), (2, 3, 6, 7, 8), (1, 2, 3, 5, 6), (1, 4, 5, 7, 8), (1, 4, 5, 8, 9), (1, 3, 6, 7, 8)}
sphere_132={(4, 5, 7, 8, 9), (1, 2, 4, 5, 9), (1, 4, 7, 8, 9), (4, 5, 6, 7, 9), (1, 3, 4, 6, 7), (2, 5, 6, 8, 9), (1, 2, 3, 8, 9), (2, 3, 5, 6, 9), (1, 3, 7, 8, 9), (1, 2, 6, 7, 8), (3, 4, 5, 6, 9), (2, 3, 4, 5, 9), (5, 6, 7, 8, 9), (1, 3, 4, 5, 6), (2, 6, 7, 8, 9), (1, 2, 3, 4, 9), (2, 3, 7, 8, 9), (1, 3, 4, 7, 9), (3, 4, 6, 7, 9), (1, 2, 5, 6, 8), (1, 5, 6, 7, 8), (2, 3, 6, 7, 9), (1, 2, 3, 4, 5), (1, 2, 3, 6, 7), (1, 4, 5, 6, 7), (1, 2, 3, 7, 8), (1, 2, 5, 8, 9), (1, 2, 3, 5, 6), (1, 4, 5, 7, 8), (1, 4, 5, 8, 9)}
sphere_133={(4, 5, 7, 8, 9), (1, 2, 4, 5, 9), (4, 5, 6, 7, 9), (1, 3, 4, 6, 7), (2, 3, 5, 6, 9), (2, 3, 4, 7, 9), (1, 3, 4, 7, 8), (1, 2, 6, 7, 8), (1, 2, 6, 8, 9), (3, 4, 5, 6, 9), (1, 2, 3, 4, 8), (2, 3, 4, 5, 9), (5, 6, 7, 8, 9), (1, 3, 4, 5, 6), (2, 6, 7, 8, 9), (3, 4, 6, 7, 9), (1, 5, 6, 7, 8), (1, 5, 6, 8, 9), (2, 3, 6, 7, 9), (2, 3, 4, 7, 8), (1, 2, 3, 4, 5), (1, 2, 3, 6, 7), (1, 2, 5, 6, 9), (2, 4, 7, 8, 9), (1, 4, 5, 6, 7), (1, 2, 3, 7, 8), (1, 2, 3, 5, 6), (1, 4, 5, 7, 8), (1, 4, 5, 8, 9), (1, 2, 4, 8, 9)}
sphere_134={(4, 5, 7, 8, 9), (1, 2, 4, 5, 9), (1, 3, 4, 6, 7), (2, 3, 5, 6, 9), (3, 5, 6, 7, 9), (3, 4, 5, 6, 7), (1, 3, 4, 7, 8), (1, 2, 6, 7, 8), (1, 2, 6, 8, 9), (1, 2, 3, 4, 8), (2, 3, 4, 5, 9), (5, 6, 7, 8, 9), (3, 4, 7, 8, 9), (1, 3, 4, 5, 6), (2, 6, 7, 8, 9), (2, 3, 7, 8, 9), (1, 5, 6, 7, 8), (1, 5, 6, 8, 9), (2, 3, 6, 7, 9), (3, 4, 5, 7, 9), (2, 3, 4, 8, 9), (1, 2, 3, 4, 5), (1, 2, 3, 6, 7), (1, 2, 5, 6, 9), (1, 4, 5, 6, 7), (1, 2, 3, 7, 8), (1, 2, 3, 5, 6), (1, 4, 5, 7, 8), (1, 4, 5, 8, 9), (1, 2, 4, 8, 9)}
sphere_135={(1, 2, 4, 5, 9), (1, 4, 7, 8, 9), (4, 5, 6, 7, 9), (1, 3, 4, 6, 7), (2, 3, 5, 6, 9), (1, 3, 4, 7, 8), (1, 2, 6, 7, 8), (1, 2, 6, 8, 9), (3, 4, 5, 6, 9), (1, 2, 3, 4, 8), (2, 3, 4, 5, 9), (5, 6, 7, 8, 9), (3, 4, 7, 8, 9), (1, 3, 4, 5, 6), (2, 6, 7, 8, 9), (2, 3, 7, 8, 9), (3, 4, 6, 7, 9), (1, 4, 5, 7, 9), (1, 5, 6, 7, 8), (1, 5, 6, 8, 9), (2, 3, 6, 7, 9), (1, 5, 7, 8, 9), (2, 3, 4, 8, 9), (1, 2, 3, 4, 5), (1, 2, 3, 6, 7), (1, 2, 5, 6, 9), (1, 4, 5, 6, 7), (1, 2, 3, 7, 8), (1, 2, 3, 5, 6), (1, 2, 4, 8, 9)}
sphere_136={(2, 4, 5, 8, 9), (4, 5, 7, 8, 9), (4, 5, 6, 7, 9), (1, 3, 4, 6, 7), (2, 3, 5, 6, 9), (1, 3, 4, 7, 8), (1, 2, 6, 7, 8), (1, 2, 6, 8, 9), (3, 4, 5, 6, 9), (1, 2, 3, 4, 8), (2, 3, 4, 5, 9), (5, 6, 7, 8, 9), (3, 4, 7, 8, 9), (1, 3, 4, 5, 6), (2, 6, 7, 8, 9), (2, 3, 7, 8, 9), (3, 4, 6, 7, 9), (1, 5, 6, 7, 8), (1, 5, 6, 8, 9), (2, 3, 6, 7, 9), (2, 3, 4, 8, 9), (1, 2, 4, 5, 8), (1, 2, 3, 4, 5), (1, 2, 3, 6, 7), (1, 2, 5, 6, 9), (1, 4, 5, 6, 7), (1, 2, 3, 7, 8), (1, 2, 5, 8, 9), (1, 2, 3, 5, 6), (1, 4, 5, 7, 8)}
sphere_137={(4, 5, 7, 8, 9), (1, 2, 4, 5, 9), (1, 2, 3, 6, 8), (1, 3, 4, 6, 7), (1, 2, 3, 8, 9), (2, 3, 5, 6, 9), (3, 5, 6, 7, 9), (3, 4, 5, 6, 7), (1, 3, 4, 7, 8), (1, 2, 6, 8, 9), (1, 3, 4, 8, 9), (2, 3, 4, 5, 9), (5, 6, 7, 8, 9), (3, 4, 7, 8, 9), (1, 3, 4, 5, 6), (2, 6, 7, 8, 9), (1, 2, 3, 4, 9), (2, 3, 7, 8, 9), (1, 5, 6, 7, 8), (1, 5, 6, 8, 9), (2, 3, 6, 7, 9), (3, 4, 5, 7, 9), (1, 2, 3, 4, 5), (1, 2, 5, 6, 9), (1, 4, 5, 6, 7), (2, 3, 6, 7, 8), (1, 2, 3, 5, 6), (1, 4, 5, 7, 8), (1, 4, 5, 8, 9), (1, 3, 6, 7, 8)}
sphere_138={(4, 5, 7, 8, 9), (1, 2, 4, 5, 9), (1, 3, 4, 6, 7), (2, 5, 6, 8, 9), (1, 2, 3, 8, 9), (2, 3, 5, 6, 9), (3, 5, 6, 7, 9), (3, 4, 5, 6, 7), (1, 3, 4, 7, 8), (1, 2, 6, 7, 8), (1, 3, 4, 8, 9), (2, 3, 4, 5, 9), (5, 6, 7, 8, 9), (3, 4, 7, 8, 9), (1, 3, 4, 5, 6), (2, 6, 7, 8, 9), (1, 2, 3, 4, 9), (2, 3, 7, 8, 9), (1, 2, 5, 6, 8), (1, 5, 6, 7, 8), (2, 3, 6, 7, 9), (3, 4, 5, 7, 9), (1, 2, 3, 4, 5), (1, 2, 3, 6, 7), (1, 4, 5, 6, 7), (1, 2, 3, 7, 8), (1, 2, 5, 8, 9), (1, 2, 3, 5, 6), (1, 4, 5, 7, 8), (1, 4, 5, 8, 9)}
sphere_139={(4, 5, 7, 8, 9), (1, 2, 4, 5, 9), (1, 3, 4, 6, 7), (1, 2, 3, 8, 9), (2, 3, 5, 6, 9), (3, 5, 6, 7, 9), (3, 4, 5, 6, 7), (1, 3, 4, 7, 8), (1, 2, 6, 7, 8), (1, 2, 6, 8, 9), (1, 3, 4, 8, 9), (2, 3, 4, 5, 9), (5, 6, 7, 8, 9), (1, 2, 3, 7, 8), (3, 4, 7, 8, 9), (1, 3, 4, 5, 6), (1, 2, 3, 4, 9), (1, 5, 6, 7, 8), (1, 5, 6, 8, 9), (3, 4, 5, 7, 9), (1, 2, 3, 4, 5), (1, 2, 3, 6, 7), (1, 2, 5, 6, 9), (3, 6, 7, 8, 9), (2, 3, 6, 8, 9), (1, 4, 5, 6, 7), (2, 3, 6, 7, 8), (1, 2, 3, 5, 6), (1, 4, 5, 7, 8), (1, 4, 5, 8, 9)}
sphere_141={(4, 5, 7, 8, 9), (1, 2, 4, 5, 9), (4, 5, 6, 7, 9), (1, 2, 3, 6, 8), (1, 3, 4, 6, 7), (2, 5, 6, 8, 9), (1, 2, 3, 8, 9), (2, 3, 5, 6, 9), (1, 3, 4, 7, 8), (3, 4, 5, 6, 9), (1, 3, 4, 8, 9), (2, 3, 4, 5, 9), (5, 6, 7, 8, 9), (3, 4, 7, 8, 9), (1, 3, 4, 5, 6), (2, 6, 7, 8, 9), (1, 2, 3, 4, 9), (2, 3, 7, 8, 9), (3, 4, 6, 7, 9), (1, 2, 5, 6, 8), (1, 5, 6, 7, 8), (2, 3, 6, 7, 9), (1, 2, 3, 4, 5), (1, 4, 5, 6, 7), (2, 3, 6, 7, 8), (1, 2, 5, 8, 9), (1, 2, 3, 5, 6), (1, 4, 5, 7, 8), (1, 4, 5, 8, 9), (1, 3, 6, 7, 8)}
sphere_142={(4, 5, 7, 8, 9), (1, 2, 4, 5, 9), (4, 5, 6, 7, 9), (1, 3, 4, 6, 7), (2, 5, 6, 7, 8), (2, 5, 6, 8, 9), (1, 2, 3, 8, 9), (2, 3, 5, 6, 9), (1, 3, 4, 7, 8), (3, 4, 5, 6, 9), (1, 3, 4, 8, 9), (1, 2, 5, 6, 7), (2, 3, 4, 5, 9), (5, 6, 7, 8, 9), (3, 4, 7, 8, 9), (1, 3, 4, 5, 6), (2, 6, 7, 8, 9), (1, 2, 3, 4, 9), (1, 2, 5, 7, 8), (2, 3, 7, 8, 9), (3, 4, 6, 7, 9), (2, 3, 6, 7, 9), (1, 2, 3, 4, 5), (1, 2, 3, 6, 7), (1, 4, 5, 6, 7), (1, 2, 3, 7, 8), (1, 2, 5, 8, 9), (1, 2, 3, 5, 6), (1, 4, 5, 7, 8), (1, 4, 5, 8, 9)}
sphere_143={(2, 4, 5, 8, 9), (4, 5, 7, 8, 9), (4, 5, 6, 7, 9), (1, 3, 4, 6, 7), (2, 5, 6, 8, 9), (1, 2, 3, 8, 9), (2, 3, 5, 6, 9), (1, 3, 4, 7, 8), (1, 2, 6, 7, 8), (3, 4, 5, 6, 9), (1, 3, 4, 8, 9), (2, 3, 4, 5, 9), (5, 6, 7, 8, 9), (3, 4, 7, 8, 9), (1, 3, 4, 5, 6), (2, 6, 7, 8, 9), (1, 2, 3, 4, 9), (2, 3, 7, 8, 9), (3, 4, 6, 7, 9), (1, 2, 5, 6, 8), (1, 5, 6, 7, 8), (2, 3, 6, 7, 9), (1, 2, 4, 5, 8), (1, 2, 3, 4, 5), (1, 2, 3, 6, 7), (1, 4, 5, 6, 7), (1, 2, 3, 7, 8), (1, 2, 3, 5, 6), (1, 4, 5, 7, 8), (1, 2, 4, 8, 9)}
sphere_177={(4, 5, 7, 8, 9), (1, 2, 3, 7, 9), (1, 2, 6, 7, 9), (4, 5, 6, 7, 9), (1, 3, 4, 6, 7), (2, 5, 6, 8, 9), (1, 3, 7, 8, 9), (1, 3, 4, 7, 8), (1, 2, 6, 8, 9), (1, 6, 7, 8, 9), (1, 3, 4, 8, 9), (2, 3, 4, 5, 6), (1, 3, 4, 5, 9), (2, 3, 4, 5, 9), (5, 6, 7, 8, 9), (3, 4, 7, 8, 9), (1, 3, 4, 5, 6), (3, 4, 6, 7, 9), (1, 2, 5, 6, 8), (1, 5, 6, 7, 8), (2, 3, 4, 6, 9), (2, 3, 6, 7, 9), (1, 2, 3, 6, 7), (1, 2, 3, 5, 9), (1, 4, 5, 6, 7), (1, 2, 5, 8, 9), (1, 2, 3, 5, 6), (1, 4, 5, 7, 8), (1, 4, 5, 8, 9), (2, 4, 5, 6, 9)}
sphere_178={(1, 2, 4, 6, 7), (4, 5, 7, 8, 9), (1, 2, 3, 7, 9), (1, 2, 6, 7, 9), (4, 5, 6, 7, 9), (2, 3, 5, 6, 9), (1, 3, 7, 8, 9), (3, 4, 5, 6, 9), (1, 6, 7, 8, 9), (1, 2, 3, 4, 8), (1, 3, 4, 8, 9), (1, 3, 4, 5, 9), (1, 2, 3, 4, 6), (5, 6, 7, 8, 9), (3, 4, 7, 8, 9), (1, 3, 4, 5, 6), (3, 4, 6, 7, 9), (1, 5, 6, 7, 8), (2, 3, 4, 6, 7), (2, 3, 6, 7, 9), (1, 5, 6, 8, 9), (2, 3, 4, 7, 8), (1, 2, 5, 6, 9), (1, 2, 3, 5, 9), (1, 4, 5, 6, 7), (1, 2, 3, 7, 8), (1, 2, 3, 5, 6), (1, 4, 5, 7, 8), (1, 4, 5, 8, 9), (1, 2, 4, 7, 8)}
sphere_179={(1, 2, 4, 6, 7), (4, 5, 7, 8, 9), (1, 2, 3, 7, 9), (1, 2, 3, 4, 7), (1, 2, 6, 7, 9), (4, 5, 6, 7, 9), (2, 5, 6, 8, 9), (2, 3, 5, 6, 9), (1, 3, 7, 8, 9), (1, 3, 4, 7, 8), (1, 2, 6, 8, 9), (1, 6, 7, 8, 9), (3, 4, 5, 6, 9), (1, 3, 4, 8, 9), (1, 3, 4, 5, 9), (1, 2, 3, 4, 6), (5, 6, 7, 8, 9), (3, 4, 7, 8, 9), (1, 3, 4, 5, 6), (3, 4, 6, 7, 9), (1, 2, 5, 6, 8), (1, 5, 6, 7, 8), (2, 3, 4, 6, 7), (2, 3, 6, 7, 9), (1, 2, 3, 5, 9), (1, 4, 5, 6, 7), (1, 2, 5, 8, 9), (1, 2, 3, 5, 6), (1, 4, 5, 7, 8), (1, 4, 5, 8, 9)}
sphere_181={(2, 4, 5, 8, 9), (4, 5, 7, 8, 9), (1, 2, 3, 7, 9), (1, 2, 4, 5, 9), (1, 2, 6, 7, 9), (4, 5, 6, 7, 9), (1, 3, 4, 6, 7), (2, 5, 6, 8, 9), (2, 3, 5, 6, 9), (1, 3, 7, 8, 9), (1, 3, 4, 7, 8), (1, 2, 6, 8, 9), (1, 6, 7, 8, 9), (3, 4, 5, 6, 9), (1, 3, 4, 8, 9), (1, 3, 4, 5, 9), (5, 6, 7, 8, 9), (3, 4, 7, 8, 9), (1, 3, 4, 5, 6), (3, 4, 6, 7, 9), (1, 2, 5, 6, 8), (1, 5, 6, 7, 8), (2, 3, 6, 7, 9), (1, 2, 4, 5, 8), (1, 2, 3, 6, 7), (1, 2, 3, 5, 9), (1, 4, 5, 6, 7), (1, 2, 3, 5, 6), (1, 4, 5, 7, 8), (1, 2, 4, 8, 9)}
sphere_199={(2, 4, 5, 8, 9), (4, 5, 7, 8, 9), (1, 2, 3, 7, 9), (1, 2, 6, 7, 9), (1, 3, 4, 6, 7), (2, 3, 5, 6, 9), (1, 3, 7, 8, 9), (3, 4, 5, 6, 7), (3, 5, 6, 7, 9), (1, 3, 4, 7, 8), (1, 6, 7, 8, 9), (1, 3, 4, 8, 9), (2, 3, 4, 5, 6), (2, 3, 4, 5, 9), (1, 2, 3, 4, 6), (5, 6, 7, 8, 9), (3, 4, 7, 8, 9), (1, 2, 3, 4, 9), (1, 5, 6, 7, 8), (1, 5, 6, 8, 9), (2, 3, 6, 7, 9), (3, 4, 5, 7, 9), (1, 2, 4, 5, 8), (1, 2, 3, 6, 7), (1, 2, 5, 6, 9), (1, 2, 4, 5, 6), (1, 4, 5, 6, 7), (1, 2, 5, 8, 9), (1, 4, 5, 7, 8), (1, 2, 4, 8, 9)}
sphere_200={(4, 5, 7, 8, 9), (1, 2, 3, 7, 9), (1, 2, 4, 5, 9), (1, 2, 6, 7, 9), (4, 5, 6, 7, 8), (4, 5, 6, 7, 9), (1, 3, 4, 6, 7), (1, 4, 6, 7, 8), (2, 3, 5, 6, 9), (1, 3, 7, 8, 9), (1, 3, 4, 7, 8), (1, 2, 4, 6, 8), (1, 6, 7, 8, 9), (3, 4, 5, 6, 9), (2, 3, 4, 5, 6), (2, 4, 5, 6, 8), (1, 3, 4, 8, 9), (2, 3, 4, 5, 9), (1, 2, 3, 4, 6), (5, 6, 7, 8, 9), (3, 4, 7, 8, 9), (1, 2, 3, 4, 9), (3, 4, 6, 7, 9), (1, 2, 5, 6, 8), (1, 5, 6, 8, 9), (2, 3, 6, 7, 9), (1, 2, 4, 5, 8), (1, 2, 3, 6, 7), (1, 2, 5, 6, 9), (1, 4, 5, 8, 9)}
sphere_201={(4, 5, 7, 8, 9), (1, 2, 3, 7, 9), (1, 2, 4, 5, 9), (1, 2, 6, 7, 9), (4, 5, 6, 7, 8), (4, 5, 6, 7, 9), (1, 3, 4, 6, 7), (2, 5, 6, 8, 9), (1, 4, 6, 7, 8), (2, 3, 5, 6, 9), (1, 3, 7, 8, 9), (1, 3, 4, 7, 8), (1, 2, 6, 8, 9), (1, 6, 7, 8, 9), (3, 4, 5, 6, 9), (2, 3, 4, 5, 6), (1, 3, 4, 8, 9), (2, 3, 4, 5, 9), (1, 2, 3, 4, 6), (5, 6, 7, 8, 9), (3, 4, 7, 8, 9), (1, 2, 3, 4, 9), (3, 4, 6, 7, 9), (1, 2, 5, 6, 8), (2, 3, 6, 7, 9), (1, 4, 5, 6, 8), (1, 2, 3, 6, 7), (1, 2, 4, 5, 6), (1, 2, 5, 8, 9), (1, 4, 5, 8, 9)}
sphere_202={(1, 2, 4, 6, 7), (4, 5, 7, 8, 9), (1, 2, 3, 7, 9), (1, 2, 3, 4, 7), (1, 2, 4, 5, 9), (1, 2, 6, 7, 9), (4, 5, 6, 7, 9), (2, 5, 6, 8, 9), (2, 3, 5, 6, 9), (1, 3, 7, 8, 9), (1, 3, 4, 7, 8), (1, 2, 6, 8, 9), (1, 6, 7, 8, 9), (3, 4, 5, 6, 9), (2, 3, 4, 5, 6), (1, 3, 4, 8, 9), (2, 3, 4, 5, 9), (5, 6, 7, 8, 9), (3, 4, 7, 8, 9), (1, 2, 3, 4, 9), (3, 4, 6, 7, 9), (1, 2, 5, 6, 8), (1, 5, 6, 7, 8), (2, 3, 4, 6, 7), (2, 3, 6, 7, 9), (1, 2, 4, 5, 6), (1, 4, 5, 6, 7), (1, 2, 5, 8, 9), (1, 4, 5, 7, 8), (1, 4, 5, 8, 9)}
sphere_203={(2, 4, 5, 8, 9), (4, 5, 7, 8, 9), (1, 2, 3, 7, 9), (1, 2, 6, 7, 9), (4, 5, 6, 7, 9), (1, 3, 4, 6, 7), (1, 2, 3, 8, 9), (2, 3, 5, 6, 9), (1, 3, 7, 8, 9), (1, 3, 4, 7, 8), (3, 4, 5, 6, 9), (1, 6, 7, 8, 9), (2, 3, 4, 5, 6), (1, 2, 3, 4, 8), (2, 3, 4, 5, 9), (1, 2, 3, 4, 6), (5, 6, 7, 8, 9), (3, 4, 7, 8, 9), (3, 4, 6, 7, 9), (1, 5, 6, 7, 8), (1, 5, 6, 8, 9), (2, 3, 6, 7, 9), (2, 3, 4, 8, 9), (1, 2, 4, 5, 8), (1, 2, 3, 6, 7), (1, 2, 5, 6, 9), (1, 2, 4, 5, 6), (1, 4, 5, 6, 7), (1, 2, 5, 8, 9), (1, 4, 5, 7, 8)}
sphere_204={(2, 4, 5, 8, 9), (4, 5, 7, 8, 9), (1, 2, 3, 7, 9), (1, 2, 6, 7, 9), (4, 5, 6, 7, 9), (1, 3, 4, 6, 7), (2, 5, 6, 8, 9), (2, 3, 5, 6, 9), (1, 3, 7, 8, 9), (1, 3, 4, 7, 8), (1, 2, 6, 8, 9), (1, 6, 7, 8, 9), (3, 4, 5, 6, 9), (2, 3, 4, 5, 6), (1, 3, 4, 8, 9), (2, 3, 4, 5, 9), (1, 2, 3, 4, 6), (5, 6, 7, 8, 9), (3, 4, 7, 8, 9), (1, 2, 3, 4, 9), (3, 4, 6, 7, 9), (1, 2, 5, 6, 8), (1, 5, 6, 7, 8), (2, 3, 6, 7, 9), (1, 2, 4, 5, 8), (1, 2, 3, 6, 7), (1, 2, 4, 5, 6), (1, 4, 5, 6, 7), (1, 4, 5, 7, 8), (1, 2, 4, 8, 9)}
sphere_205={(4, 5, 7, 8, 9), (1, 2, 3, 7, 9), (1, 2, 4, 5, 9), (1, 3, 4, 6, 7), (2, 5, 6, 8, 9), (1, 2, 7, 8, 9), (2, 3, 5, 6, 9), (1, 3, 7, 8, 9), (3, 4, 5, 6, 7), (3, 5, 6, 7, 9), (1, 3, 4, 7, 8), (1, 2, 6, 7, 8), (1, 3, 4, 8, 9), (2, 3, 4, 5, 9), (5, 6, 7, 8, 9), (3, 4, 7, 8, 9), (1, 3, 4, 5, 6), (2, 6, 7, 8, 9), (1, 2, 3, 4, 9), (1, 2, 5, 6, 8), (1, 5, 6, 7, 8), (2, 3, 6, 7, 9), (3, 4, 5, 7, 9), (1, 2, 3, 4, 5), (1, 2, 3, 6, 7), (1, 4, 5, 6, 7), (1, 2, 5, 8, 9), (1, 2, 3, 5, 6), (1, 4, 5, 7, 8), (1, 4, 5, 8, 9)}
sphere_206={(2, 4, 5, 8, 9), (4, 5, 7, 8, 9), (1, 2, 3, 7, 9), (1, 2, 6, 7, 9), (1, 3, 4, 6, 7), (2, 5, 6, 8, 9), (2, 3, 5, 6, 9), (1, 3, 7, 8, 9), (3, 4, 5, 6, 7), (3, 5, 6, 7, 9), (1, 3, 4, 7, 8), (1, 6, 7, 8, 9), (1, 2, 6, 8, 9), (1, 3, 4, 8, 9), (2, 3, 4, 5, 9), (5, 6, 7, 8, 9), (3, 4, 7, 8, 9), (1, 3, 4, 5, 6), (1, 2, 3, 4, 9), (1, 2, 5, 6, 8), (1, 5, 6, 7, 8), (2, 3, 6, 7, 9), (3, 4, 5, 7, 9), (1, 2, 4, 5, 8), (1, 2, 3, 4, 5), (1, 2, 3, 6, 7), (1, 4, 5, 6, 7), (1, 2, 3, 5, 6), (1, 4, 5, 7, 8), (1, 2, 4, 8, 9)}
sphere_207={(2, 4, 5, 8, 9), (4, 5, 7, 8, 9), (1, 2, 3, 7, 9), (4, 5, 6, 7, 9), (1, 3, 4, 6, 7), (2, 5, 6, 8, 9), (1, 2, 7, 8, 9), (2, 3, 5, 6, 9), (1, 3, 7, 8, 9), (1, 3, 4, 7, 8), (1, 2, 6, 7, 8), (3, 4, 5, 6, 9), (1, 3, 4, 8, 9), (2, 3, 4, 5, 9), (5, 6, 7, 8, 9), (3, 4, 7, 8, 9), (1, 3, 4, 5, 6), (2, 6, 7, 8, 9), (1, 2, 3, 4, 9), (3, 4, 6, 7, 9), (1, 2, 5, 6, 8), (1, 5, 6, 7, 8), (2, 3, 6, 7, 9), (1, 2, 4, 5, 8), (1, 2, 3, 4, 5), (1, 2, 3, 6, 7), (1, 4, 5, 6, 7), (1, 2, 3, 5, 6), (1, 4, 5, 7, 8), (1, 2, 4, 8, 9)}
sphere_228={(1, 2, 4, 6, 7), (4, 5, 7, 8, 9), (1, 2, 3, 4, 7), (1, 2, 6, 7, 9), (4, 6, 7, 8, 9), (4, 5, 6, 7, 9), (1, 2, 7, 8, 9), (1, 2, 3, 8, 9), (2, 3, 5, 6, 9), (1, 3, 4, 7, 8), (3, 4, 5, 6, 9), (1, 3, 4, 8, 9), (3, 4, 6, 8, 9), (1, 3, 4, 5, 9), (1, 2, 3, 4, 6), (1, 3, 4, 5, 6), (2, 3, 7, 8, 9), (2, 3, 4, 6, 7), (2, 3, 6, 7, 9), (1, 5, 7, 8, 9), (1, 5, 6, 7, 9), (1, 2, 5, 6, 9), (3, 4, 6, 7, 8), (3, 6, 7, 8, 9), (1, 2, 3, 5, 9), (1, 4, 5, 6, 7), (1, 2, 3, 7, 8), (1, 2, 3, 5, 6), (1, 4, 5, 7, 8), (1, 4, 5, 8, 9)}
sphere_229={(1, 2, 4, 6, 7), (4, 5, 7, 8, 9), (1, 2, 3, 4, 7), (1, 2, 6, 7, 9), (4, 5, 6, 7, 9), (1, 2, 7, 8, 9), (1, 2, 3, 8, 9), (2, 3, 5, 6, 9), (1, 3, 4, 7, 8), (3, 4, 5, 6, 9), (1, 3, 4, 8, 9), (1, 3, 4, 5, 9), (1, 2, 3, 4, 6), (1, 2, 3, 7, 8), (3, 4, 7, 8, 9), (1, 3, 4, 5, 6), (2, 6, 7, 8, 9), (3, 4, 6, 7, 9), (2, 3, 4, 6, 7), (1, 5, 7, 8, 9), (1, 5, 6, 7, 9), (1, 2, 5, 6, 9), (3, 6, 7, 8, 9), (1, 2, 3, 5, 9), (2, 3, 6, 8, 9), (1, 4, 5, 6, 7), (2, 3, 6, 7, 8), (1, 2, 3, 5, 6), (1, 4, 5, 7, 8), (1, 4, 5, 8, 9)}
sphere_230={(4, 5, 7, 8, 9), (1, 2, 6, 7, 9), (4, 5, 6, 7, 9), (1, 2, 3, 6, 8), (1, 3, 4, 6, 7), (1, 2, 7, 8, 9), (1, 2, 3, 8, 9), (2, 3, 4, 7, 9), (2, 3, 5, 6, 9), (1, 3, 4, 7, 8), (1, 2, 6, 7, 8), (3, 4, 5, 6, 9), (1, 3, 4, 8, 9), (1, 3, 4, 5, 9), (1, 3, 4, 5, 6), (3, 4, 6, 7, 9), (2, 3, 6, 7, 9), (1, 5, 7, 8, 9), (2, 3, 4, 8, 9), (2, 3, 4, 7, 8), (1, 5, 6, 7, 9), (1, 2, 5, 6, 9), (2, 4, 7, 8, 9), (1, 2, 3, 5, 9), (1, 4, 5, 6, 7), (2, 3, 6, 7, 8), (1, 2, 3, 5, 6), (1, 4, 5, 7, 8), (1, 4, 5, 8, 9), (1, 3, 6, 7, 8)}
sphere_250={(1, 2, 4, 6, 7), (4, 5, 7, 8, 9), (1, 2, 3, 4, 7), (1, 2, 6, 7, 9), (4, 5, 6, 7, 8), (1, 2, 7, 8, 9), (1, 4, 6, 7, 8), (1, 2, 3, 8, 9), (3, 5, 6, 7, 9), (3, 4, 5, 6, 7), (1, 3, 4, 7, 8), (1, 6, 7, 8, 9), (2, 3, 5, 6, 9), (1, 3, 4, 8, 9), (1, 3, 4, 5, 9), (1, 2, 3, 4, 6), (5, 6, 7, 8, 9), (3, 4, 7, 8, 9), (1, 3, 4, 5, 6), (2, 3, 7, 8, 9), (2, 3, 4, 6, 7), (2, 3, 6, 7, 9), (3, 4, 5, 7, 9), (1, 5, 6, 8, 9), (1, 4, 5, 6, 8), (1, 2, 5, 6, 9), (1, 2, 3, 5, 9), (1, 2, 3, 7, 8), (1, 2, 3, 5, 6), (1, 4, 5, 8, 9)}
sphere_251={(4, 5, 7, 8, 9), (1, 2, 6, 7, 9), (4, 5, 6, 7, 8), (1, 3, 4, 6, 7), (1, 2, 7, 8, 9), (1, 4, 6, 7, 8), (1, 2, 3, 8, 9), (3, 5, 6, 7, 9), (3, 4, 5, 6, 7), (1, 3, 4, 7, 8), (1, 6, 7, 8, 9), (2, 3, 5, 6, 9), (1, 3, 4, 8, 9), (2, 3, 4, 5, 6), (1, 3, 4, 5, 9), (1, 2, 3, 4, 6), (5, 6, 7, 8, 9), (3, 4, 7, 8, 9), (2, 3, 7, 8, 9), (1, 5, 6, 8, 9), (2, 3, 6, 7, 9), (3, 4, 5, 7, 9), (1, 4, 5, 6, 8), (1, 2, 3, 4, 5), (1, 2, 3, 6, 7), (1, 2, 5, 6, 9), (1, 2, 4, 5, 6), (1, 2, 3, 5, 9), (1, 2, 3, 7, 8), (1, 4, 5, 8, 9)}
sphere_252={(4, 5, 7, 8, 9), (1, 3, 4, 6, 7), (2, 3, 5, 6, 9), (3, 5, 6, 7, 9), (3, 4, 5, 6, 7), (1, 3, 4, 7, 8), (1, 2, 6, 7, 8), (1, 2, 6, 8, 9), (1, 2, 3, 4, 8), (1, 3, 4, 5, 9), (5, 6, 7, 8, 9), (3, 4, 7, 8, 9), (1, 3, 4, 5, 6), (2, 6, 7, 8, 9), (1, 2, 3, 4, 9), (2, 3, 7, 8, 9), (1, 5, 6, 7, 8), (1, 5, 6, 8, 9), (2, 3, 6, 7, 9), (3, 4, 5, 7, 9), (2, 3, 4, 8, 9), (1, 2, 3, 6, 7), (1, 2, 5, 6, 9), (1, 2, 3, 5, 9), (1, 4, 5, 6, 7), (1, 2, 3, 7, 8), (1, 2, 3, 5, 6), (1, 4, 5, 7, 8), (1, 4, 5, 8, 9), (1, 2, 4, 8, 9)}
sphere_253={(4, 5, 7, 8, 9), (1, 3, 4, 6, 7), (1, 2, 3, 8, 9), (2, 3, 4, 7, 9), (3, 5, 6, 7, 9), (3, 4, 5, 6, 7), (1, 3, 4, 7, 8), (1, 2, 6, 7, 8), (2, 3, 5, 6, 9), (1, 2, 6, 8, 9), (1, 3, 4, 8, 9), (1, 3, 4, 5, 9), (5, 6, 7, 8, 9), (1, 3, 4, 5, 6), (2, 6, 7, 8, 9), (1, 5, 6, 7, 8), (1, 5, 6, 8, 9), (2, 3, 6, 7, 9), (3, 4, 5, 7, 9), (2, 3, 4, 8, 9), (2, 3, 4, 7, 8), (1, 2, 3, 6, 7), (1, 2, 5, 6, 9), (2, 4, 7, 8, 9), (1, 2, 3, 5, 9), (1, 4, 5, 6, 7), (1, 2, 3, 7, 8), (1, 2, 3, 5, 6), (1, 4, 5, 7, 8), (1, 4, 5, 8, 9)}
sphere_254={(1, 2, 4, 6, 7), (4, 5, 7, 8, 9), (1, 2, 3, 4, 7), (1, 2, 6, 7, 9), (3, 4, 5, 8, 9), (1, 2, 7, 8, 9), (1, 2, 3, 8, 9), (2, 3, 5, 6, 9), (3, 5, 6, 7, 9), (3, 4, 5, 6, 7), (1, 3, 4, 7, 8), (1, 6, 7, 8, 9), (1, 2, 3, 4, 6), (5, 6, 7, 8, 9), (3, 4, 7, 8, 9), (1, 3, 4, 5, 6), (2, 3, 7, 8, 9), (1, 3, 4, 5, 8), (1, 5, 6, 7, 8), (2, 3, 4, 6, 7), (2, 3, 6, 7, 9), (3, 4, 5, 7, 9), (1, 5, 6, 8, 9), (1, 3, 5, 8, 9), (1, 2, 5, 6, 9), (1, 2, 3, 5, 9), (1, 4, 5, 6, 7), (1, 2, 3, 7, 8), (1, 2, 3, 5, 6), (1, 4, 5, 7, 8)}
sphere_255={(4, 5, 7, 8, 9), (1, 2, 3, 4, 7), (1, 2, 6, 7, 9), (1, 3, 4, 6, 7), (1, 2, 7, 8, 9), (2, 3, 5, 6, 9), (3, 5, 6, 7, 9), (3, 4, 5, 6, 7), (1, 6, 7, 8, 9), (1, 3, 4, 5, 9), (5, 6, 7, 8, 9), (3, 4, 7, 8, 9), (1, 3, 4, 5, 6), (1, 2, 3, 4, 9), (2, 3, 7, 8, 9), (1, 5, 6, 7, 8), (1, 5, 6, 8, 9), (2, 3, 6, 7, 9), (3, 4, 5, 7, 9), (2, 3, 4, 8, 9), (2, 3, 4, 7, 8), (1, 2, 3, 6, 7), (1, 2, 5, 6, 9), (1, 2, 3, 5, 9), (1, 4, 5, 6, 7), (1, 2, 3, 5, 6), (1, 4, 5, 7, 8), (1, 4, 5, 8, 9), (1, 2, 4, 8, 9), (1, 2, 4, 7, 8)}
sphere_256={(1, 2, 4, 6, 7), (4, 5, 7, 8, 9), (1, 2, 6, 7, 9), (1, 2, 7, 8, 9), (1, 2, 3, 8, 9), (2, 3, 5, 6, 9), (3, 5, 6, 7, 9), (3, 4, 5, 6, 7), (1, 3, 4, 8, 9), (1, 6, 7, 8, 9), (1, 2, 3, 4, 8), (1, 3, 4, 5, 9), (1, 2, 3, 4, 6), (5, 6, 7, 8, 9), (3, 4, 7, 8, 9), (1, 3, 4, 5, 6), (2, 3, 7, 8, 9), (1, 5, 6, 7, 8), (2, 3, 4, 6, 7), (2, 3, 6, 7, 9), (3, 4, 5, 7, 9), (1, 5, 6, 8, 9), (2, 3, 4, 7, 8), (1, 2, 5, 6, 9), (1, 2, 3, 5, 9), (1, 4, 5, 6, 7), (1, 2, 3, 5, 6), (1, 4, 5, 7, 8), (1, 4, 5, 8, 9), (1, 2, 4, 7, 8)}
sphere_257={(1, 2, 4, 6, 7), (4, 5, 7, 8, 9), (1, 2, 3, 4, 7), (1, 2, 6, 7, 9), (1, 2, 7, 8, 9), (1, 2, 3, 8, 9), (2, 3, 5, 6, 9), (3, 5, 6, 7, 9), (3, 4, 5, 6, 7), (1, 3, 4, 7, 8), (1, 6, 7, 8, 9), (1, 3, 4, 8, 9), (2, 3, 4, 5, 6), (1, 3, 4, 5, 9), (5, 6, 7, 8, 9), (3, 4, 7, 8, 9), (2, 3, 7, 8, 9), (1, 5, 6, 7, 8), (2, 3, 4, 6, 7), (2, 3, 6, 7, 9), (3, 4, 5, 7, 9), (1, 5, 6, 8, 9), (1, 2, 3, 4, 5), (1, 2, 5, 6, 9), (1, 2, 4, 5, 6), (1, 2, 3, 5, 9), (1, 4, 5, 6, 7), (1, 2, 3, 7, 8), (1, 4, 5, 7, 8), (1, 4, 5, 8, 9)}
sphere_258={(4, 5, 7, 8, 9), (1, 2, 3, 4, 7), (1, 2, 6, 7, 9), (1, 3, 4, 6, 7), (1, 2, 7, 8, 9), (1, 2, 3, 8, 9), (2, 3, 4, 7, 9), (3, 5, 6, 7, 9), (3, 4, 5, 6, 7), (2, 3, 5, 6, 9), (1, 6, 7, 8, 9), (1, 3, 4, 8, 9), (1, 2, 3, 4, 8), (1, 3, 4, 5, 9), (5, 6, 7, 8, 9), (1, 3, 4, 5, 6), (1, 5, 6, 7, 8), (1, 5, 6, 8, 9), (2, 3, 6, 7, 9), (3, 4, 5, 7, 9), (2, 3, 4, 8, 9), (1, 2, 3, 6, 7), (1, 2, 5, 6, 9), (2, 4, 7, 8, 9), (1, 2, 3, 5, 9), (1, 4, 5, 6, 7), (1, 2, 3, 5, 6), (1, 4, 5, 7, 8), (1, 4, 5, 8, 9), (1, 2, 4, 7, 8)}
sphere_260={(4, 5, 7, 8, 9), (1, 2, 3, 4, 7), (4, 5, 6, 7, 8), (4, 5, 6, 7, 9), (1, 3, 4, 6, 7), (1, 4, 6, 7, 8), (1, 2, 3, 8, 9), (2, 3, 5, 6, 9), (1, 2, 6, 8, 9), (1, 2, 6, 7, 8), (3, 4, 5, 6, 9), (1, 2, 3, 4, 8), (1, 3, 4, 8, 9), (1, 3, 4, 5, 9), (5, 6, 7, 8, 9), (3, 4, 7, 8, 9), (1, 3, 4, 5, 6), (2, 6, 7, 8, 9), (2, 3, 7, 8, 9), (3, 4, 6, 7, 9), (1, 5, 6, 8, 9), (2, 3, 6, 7, 9), (1, 4, 5, 6, 8), (2, 3, 4, 7, 8), (1, 2, 3, 6, 7), (1, 2, 5, 6, 9), (1, 2, 3, 5, 9), (1, 2, 3, 5, 6), (1, 4, 5, 8, 9), (1, 2, 4, 7, 8)}
sphere_261={(1, 2, 4, 6, 7), (4, 5, 7, 8, 9), (4, 5, 6, 7, 8), (4, 5, 6, 7, 9), (1, 3, 4, 6, 7), (1, 2, 3, 8, 9), (2, 3, 5, 6, 9), (1, 2, 4, 6, 8), (1, 3, 4, 7, 8), (1, 2, 6, 8, 9), (3, 4, 5, 6, 9), (1, 3, 4, 8, 9), (1, 3, 4, 5, 9), (5, 6, 7, 8, 9), (3, 4, 7, 8, 9), (1, 3, 4, 5, 6), (2, 6, 7, 8, 9), (2, 3, 7, 8, 9), (3, 4, 6, 7, 9), (1, 5, 6, 8, 9), (2, 3, 6, 7, 9), (1, 4, 5, 6, 8), (2, 4, 6, 7, 8), (1, 2, 3, 6, 7), (1, 2, 5, 6, 9), (1, 2, 3, 5, 9), (1, 2, 3, 7, 8), (1, 2, 3, 5, 6), (1, 4, 5, 8, 9), (1, 2, 4, 7, 8)}
sphere_262={(4, 5, 7, 8, 9), (4, 5, 6, 7, 8), (4, 5, 6, 7, 9), (1, 3, 4, 6, 7), (1, 4, 6, 7, 8), (2, 3, 4, 7, 9), (1, 2, 3, 8, 9), (1, 3, 4, 7, 8), (1, 2, 6, 7, 8), (2, 3, 5, 6, 9), (1, 2, 6, 8, 9), (3, 4, 5, 6, 9), (1, 3, 4, 8, 9), (1, 3, 4, 5, 9), (5, 6, 7, 8, 9), (1, 3, 4, 5, 6), (2, 6, 7, 8, 9), (3, 4, 6, 7, 9), (1, 5, 6, 8, 9), (2, 3, 6, 7, 9), (1, 4, 5, 6, 8), (2, 3, 4, 8, 9), (2, 3, 4, 7, 8), (1, 2, 3, 6, 7), (1, 2, 5, 6, 9), (2, 4, 7, 8, 9), (1, 2, 3, 5, 9), (1, 2, 3, 7, 8), (1, 2, 3, 5, 6), (1, 4, 5, 8, 9)}
sphere_264={(4, 5, 7, 8, 9), (1, 2, 6, 7, 9), (4, 5, 6, 7, 8), (4, 5, 6, 7, 9), (1, 3, 4, 6, 7), (3, 4, 5, 8, 9), (1, 2, 7, 8, 9), (1, 4, 6, 7, 8), (1, 2, 3, 8, 9), (1, 3, 4, 7, 8), (1, 6, 7, 8, 9), (2, 3, 4, 5, 6), (2, 3, 4, 5, 9), (5, 6, 7, 8, 9), (3, 4, 7, 8, 9), (1, 3, 4, 5, 6), (2, 3, 7, 8, 9), (3, 4, 6, 7, 9), (1, 3, 4, 5, 8), (2, 3, 4, 6, 9), (1, 5, 6, 8, 9), (2, 3, 6, 7, 9), (1, 4, 5, 6, 8), (1, 3, 5, 8, 9), (1, 2, 3, 6, 7), (1, 2, 5, 6, 9), (1, 2, 3, 5, 9), (1, 2, 3, 7, 8), (1, 2, 3, 5, 6), (2, 4, 5, 6, 9)}
sphere_265={(1, 2, 4, 6, 7), (4, 5, 7, 8, 9), (1, 2, 3, 4, 7), (1, 2, 6, 7, 9), (4, 5, 6, 7, 8), (4, 5, 6, 7, 9), (3, 4, 5, 8, 9), (1, 2, 7, 8, 9), (1, 4, 6, 7, 8), (1, 2, 3, 8, 9), (2, 3, 5, 6, 9), (1, 3, 4, 7, 8), (3, 4, 5, 6, 9), (1, 6, 7, 8, 9), (1, 2, 3, 4, 6), (5, 6, 7, 8, 9), (3, 4, 7, 8, 9), (1, 3, 4, 5, 6), (2, 3, 7, 8, 9), (3, 4, 6, 7, 9), (1, 3, 4, 5, 8), (2, 3, 4, 6, 7), (2, 3, 6, 7, 9), (1, 5, 6, 8, 9), (1, 4, 5, 6, 8), (1, 3, 5, 8, 9), (1, 2, 5, 6, 9), (1, 2, 3, 5, 9), (1, 2, 3, 7, 8), (1, 2, 3, 5, 6)}
sphere_266={(4, 5, 7, 8, 9), (1, 2, 6, 7, 9), (4, 5, 6, 7, 8), (4, 5, 6, 7, 9), (1, 3, 4, 6, 7), (3, 4, 5, 8, 9), (1, 2, 7, 8, 9), (1, 4, 6, 7, 8), (1, 2, 3, 8, 9), (2, 3, 5, 6, 9), (1, 3, 4, 7, 8), (3, 4, 5, 6, 9), (1, 6, 7, 8, 9), (2, 3, 4, 5, 6), (1, 2, 3, 4, 6), (5, 6, 7, 8, 9), (3, 4, 7, 8, 9), (2, 3, 7, 8, 9), (3, 4, 6, 7, 9), (1, 3, 4, 5, 8), (1, 5, 6, 8, 9), (2, 3, 6, 7, 9), (1, 4, 5, 6, 8), (1, 3, 5, 8, 9), (1, 2, 3, 4, 5), (1, 2, 3, 6, 7), (1, 2, 5, 6, 9), (1, 2, 4, 5, 6), (1, 2, 3, 5, 9), (1, 2, 3, 7, 8)}
sphere_267={(4, 5, 7, 8, 9), (1, 2, 6, 7, 9), (4, 5, 6, 7, 8), (4, 5, 6, 7, 9), (1, 3, 4, 6, 7), (3, 4, 5, 8, 9), (1, 2, 7, 8, 9), (1, 4, 6, 7, 8), (2, 3, 4, 7, 9), (1, 2, 3, 8, 9), (1, 3, 4, 7, 8), (2, 3, 5, 6, 9), (1, 6, 7, 8, 9), (3, 4, 5, 6, 9), (5, 6, 7, 8, 9), (3, 4, 7, 8, 9), (1, 3, 4, 5, 6), (2, 3, 7, 8, 9), (1, 3, 4, 5, 8), (2, 3, 4, 6, 9), (2, 3, 4, 6, 7), (1, 5, 6, 8, 9), (1, 4, 5, 6, 8), (1, 3, 5, 8, 9), (2, 4, 6, 7, 9), (1, 2, 3, 6, 7), (1, 2, 5, 6, 9), (1, 2, 3, 5, 9), (1, 2, 3, 7, 8), (1, 2, 3, 5, 6)}
sphere_269={(4, 5, 7, 8, 9), (1, 2, 3, 4, 7), (4, 5, 6, 7, 9), (1, 3, 4, 6, 7), (3, 4, 5, 8, 9), (1, 2, 3, 8, 9), (2, 3, 5, 6, 9), (1, 2, 6, 8, 9), (1, 2, 6, 7, 8), (3, 4, 5, 6, 9), (1, 2, 3, 4, 8), (5, 6, 7, 8, 9), (3, 4, 7, 8, 9), (1, 3, 4, 5, 6), (2, 6, 7, 8, 9), (2, 3, 7, 8, 9), (3, 4, 6, 7, 9), (1, 3, 4, 5, 8), (1, 5, 6, 7, 8), (1, 5, 6, 8, 9), (2, 3, 6, 7, 9), (1, 3, 5, 8, 9), (2, 3, 4, 7, 8), (1, 2, 3, 6, 7), (1, 2, 5, 6, 9), (1, 2, 3, 5, 9), (1, 4, 5, 6, 7), (1, 2, 3, 5, 6), (1, 4, 5, 7, 8), (1, 2, 4, 7, 8)}
sphere_270={(4, 5, 7, 8, 9), (4, 5, 6, 7, 9), (1, 3, 4, 6, 7), (2, 3, 5, 6, 9), (2, 3, 4, 7, 9), (1, 3, 4, 7, 8), (1, 2, 6, 7, 8), (1, 2, 6, 8, 9), (3, 4, 5, 6, 9), (1, 2, 3, 4, 8), (1, 3, 4, 5, 9), (5, 6, 7, 8, 9), (1, 3, 4, 5, 6), (2, 6, 7, 8, 9), (1, 2, 3, 4, 9), (3, 4, 6, 7, 9), (1, 5, 6, 7, 8), (1, 5, 6, 8, 9), (2, 3, 6, 7, 9), (2, 3, 4, 7, 8), (1, 2, 3, 6, 7), (1, 2, 5, 6, 9), (2, 4, 7, 8, 9), (1, 2, 3, 5, 9), (1, 4, 5, 6, 7), (1, 2, 3, 7, 8), (1, 2, 3, 5, 6), (1, 4, 5, 7, 8), (1, 4, 5, 8, 9), (1, 2, 4, 8, 9)}
sphere_271={(1, 3, 5, 7, 8), (4, 5, 7, 8, 9), (1, 2, 6, 7, 9), (4, 5, 6, 7, 9), (3, 4, 5, 7, 8), (1, 3, 4, 6, 7), (1, 2, 7, 8, 9), (3, 4, 5, 8, 9), (1, 2, 3, 8, 9), (2, 3, 5, 6, 9), (3, 4, 5, 6, 9), (1, 6, 7, 8, 9), (2, 3, 4, 5, 6), (1, 2, 3, 4, 6), (5, 6, 7, 8, 9), (3, 4, 7, 8, 9), (2, 3, 7, 8, 9), (3, 4, 6, 7, 9), (1, 5, 6, 7, 8), (1, 5, 6, 8, 9), (2, 3, 6, 7, 9), (1, 3, 5, 8, 9), (1, 2, 3, 4, 5), (1, 2, 3, 6, 7), (1, 2, 5, 6, 9), (1, 2, 4, 5, 6), (1, 3, 4, 5, 7), (1, 2, 3, 5, 9), (1, 4, 5, 6, 7), (1, 2, 3, 7, 8)}
sphere_272={(1, 3, 5, 7, 8), (4, 5, 7, 8, 9), (1, 2, 6, 7, 9), (4, 5, 6, 7, 9), (3, 4, 5, 7, 8), (1, 3, 4, 6, 7), (1, 2, 7, 8, 9), (3, 4, 5, 8, 9), (2, 3, 4, 7, 9), (1, 2, 3, 8, 9), (2, 3, 5, 6, 9), (3, 4, 5, 6, 9), (1, 6, 7, 8, 9), (5, 6, 7, 8, 9), (3, 4, 7, 8, 9), (1, 3, 4, 5, 6), (2, 3, 7, 8, 9), (1, 5, 6, 7, 8), (2, 3, 4, 6, 7), (2, 3, 4, 6, 9), (1, 5, 6, 8, 9), (1, 3, 5, 8, 9), (2, 4, 6, 7, 9), (1, 2, 3, 6, 7), (1, 2, 5, 6, 9), (1, 3, 4, 5, 7), (1, 2, 3, 5, 9), (1, 4, 5, 6, 7), (1, 2, 3, 7, 8), (1, 2, 3, 5, 6)}
sphere_273={(1, 3, 5, 7, 8), (4, 5, 7, 8, 9), (1, 2, 6, 7, 9), (4, 5, 6, 7, 9), (3, 4, 5, 7, 8), (1, 3, 4, 6, 7), (1, 2, 7, 8, 9), (3, 4, 5, 8, 9), (2, 3, 4, 7, 9), (1, 2, 3, 8, 9), (2, 3, 5, 6, 9), (3, 4, 5, 6, 9), (1, 6, 7, 8, 9), (5, 6, 7, 8, 9), (1, 3, 4, 5, 6), (3, 4, 6, 7, 9), (1, 5, 6, 7, 8), (1, 5, 6, 8, 9), (2, 3, 6, 7, 9), (1, 3, 5, 8, 9), (2, 3, 4, 8, 9), (2, 3, 4, 7, 8), (1, 2, 3, 6, 7), (1, 2, 5, 6, 9), (1, 3, 4, 5, 7), (2, 4, 7, 8, 9), (1, 2, 3, 5, 9), (1, 4, 5, 6, 7), (1, 2, 3, 7, 8), (1, 2, 3, 5, 6)}
sphere_274={(1, 2, 4, 6, 7), (4, 5, 7, 8, 9), (1, 2, 6, 7, 9), (4, 5, 6, 7, 9), (3, 4, 5, 8, 9), (1, 2, 7, 8, 9), (1, 2, 3, 8, 9), (2, 3, 5, 6, 9), (3, 4, 5, 6, 9), (1, 6, 7, 8, 9), (1, 2, 3, 4, 8), (1, 2, 3, 4, 6), (5, 6, 7, 8, 9), (3, 4, 7, 8, 9), (1, 3, 4, 5, 6), (2, 3, 7, 8, 9), (3, 4, 6, 7, 9), (1, 3, 4, 5, 8), (1, 5, 6, 7, 8), (2, 3, 4, 6, 7), (2, 3, 6, 7, 9), (1, 5, 6, 8, 9), (1, 3, 5, 8, 9), (2, 3, 4, 7, 8), (1, 2, 5, 6, 9), (1, 2, 3, 5, 9), (1, 4, 5, 6, 7), (1, 2, 3, 5, 6), (1, 4, 5, 7, 8), (1, 2, 4, 7, 8)}
sphere_277={(1, 2, 4, 5, 9), (4, 5, 6, 7, 8), (1, 4, 7, 8, 9), (1, 3, 4, 6, 7), (1, 2, 3, 8, 9), (2, 3, 5, 6, 9), (1, 3, 7, 8, 9), (1, 2, 6, 8, 9), (1, 2, 6, 7, 8), (3, 4, 5, 6, 9), (2, 3, 4, 5, 6), (2, 3, 4, 5, 9), (1, 2, 3, 4, 6), (2, 6, 7, 8, 9), (1, 2, 3, 4, 9), (2, 3, 7, 8, 9), (1, 3, 4, 7, 9), (3, 4, 6, 7, 9), (1, 5, 6, 7, 8), (1, 5, 6, 8, 9), (2, 3, 6, 7, 9), (4, 5, 6, 8, 9), (1, 2, 5, 6, 9), (1, 2, 4, 5, 6), (1, 2, 3, 6, 7), (1, 4, 5, 6, 7), (1, 2, 3, 7, 8), (4, 6, 7, 8, 9), (1, 4, 5, 7, 8), (1, 4, 5, 8, 9)}
sphere_278={(4, 5, 7, 8, 9), (1, 2, 4, 5, 9), (1, 4, 7, 8, 9), (4, 5, 6, 7, 9), (1, 3, 4, 6, 7), (2, 5, 6, 8, 9), (1, 2, 3, 8, 9), (2, 3, 5, 6, 9), (1, 3, 7, 8, 9), (1, 2, 6, 7, 8), (3, 4, 5, 6, 9), (2, 3, 4, 5, 6), (2, 3, 4, 5, 9), (1, 2, 3, 4, 6), (5, 6, 7, 8, 9), (2, 6, 7, 8, 9), (1, 2, 3, 4, 9), (2, 3, 7, 8, 9), (1, 3, 4, 7, 9), (3, 4, 6, 7, 9), (1, 2, 5, 6, 8), (1, 5, 6, 7, 8), (2, 3, 6, 7, 9), (1, 2, 3, 6, 7), (1, 2, 4, 5, 6), (1, 4, 5, 6, 7), (1, 2, 3, 7, 8), (1, 2, 5, 8, 9), (1, 4, 5, 7, 8), (1, 4, 5, 8, 9)}
sphere_279={(4, 5, 7, 8, 9), (1, 2, 4, 5, 9), (1, 4, 7, 8, 9), (4, 5, 6, 7, 9), (1, 3, 4, 6, 7), (1, 2, 3, 8, 9), (2, 3, 5, 6, 9), (1, 3, 7, 8, 9), (1, 2, 6, 8, 9), (1, 2, 6, 7, 8), (3, 4, 5, 6, 9), (2, 3, 4, 5, 6), (2, 3, 4, 5, 9), (1, 2, 3, 4, 6), (5, 6, 7, 8, 9), (1, 2, 3, 7, 8), (1, 2, 3, 4, 9), (1, 3, 4, 7, 9), (3, 4, 6, 7, 9), (1, 5, 6, 7, 8), (1, 5, 6, 8, 9), (1, 2, 3, 6, 7), (1, 2, 5, 6, 9), (1, 2, 4, 5, 6), (3, 6, 7, 8, 9), (2, 3, 6, 8, 9), (1, 4, 5, 6, 7), (2, 3, 6, 7, 8), (1, 4, 5, 7, 8), (1, 4, 5, 8, 9)}
sphere_280={(1, 2, 4, 5, 9), (4, 5, 6, 7, 8), (1, 3, 4, 6, 7), (2, 3, 5, 6, 9), (1, 3, 4, 7, 8), (1, 2, 6, 7, 8), (1, 2, 6, 8, 9), (3, 4, 5, 6, 9), (2, 3, 4, 5, 6), (1, 2, 3, 4, 8), (2, 3, 4, 5, 9), (1, 2, 3, 4, 6), (3, 4, 7, 8, 9), (2, 6, 7, 8, 9), (2, 3, 7, 8, 9), (3, 4, 6, 7, 9), (1, 5, 6, 7, 8), (1, 5, 6, 8, 9), (2, 3, 6, 7, 9), (2, 3, 4, 8, 9), (4, 5, 6, 8, 9), (1, 2, 5, 6, 9), (1, 2, 4, 5, 6), (1, 2, 3, 6, 7), (1, 4, 5, 6, 7), (1, 2, 3, 7, 8), (4, 6, 7, 8, 9), (1, 4, 5, 7, 8), (1, 4, 5, 8, 9), (1, 2, 4, 8, 9)}
sphere_281={(4, 5, 7, 8, 9), (1, 2, 4, 5, 9), (4, 5, 6, 7, 9), (1, 3, 4, 6, 7), (2, 3, 5, 6, 9), (2, 3, 4, 7, 9), (1, 3, 4, 7, 8), (1, 2, 6, 7, 8), (1, 2, 6, 8, 9), (3, 4, 5, 6, 9), (2, 3, 4, 5, 6), (1, 2, 3, 4, 8), (2, 3, 4, 5, 9), (1, 2, 3, 4, 6), (5, 6, 7, 8, 9), (2, 6, 7, 8, 9), (3, 4, 6, 7, 9), (1, 5, 6, 7, 8), (1, 5, 6, 8, 9), (2, 3, 6, 7, 9), (2, 3, 4, 7, 8), (1, 2, 3, 6, 7), (1, 2, 5, 6, 9), (1, 2, 4, 5, 6), (2, 4, 7, 8, 9), (1, 4, 5, 6, 7), (1, 2, 3, 7, 8), (1, 4, 5, 7, 8), (1, 4, 5, 8, 9), (1, 2, 4, 8, 9)}
sphere_282={(4, 5, 7, 8, 9), (1, 2, 4, 5, 9), (1, 3, 4, 6, 7), (2, 3, 5, 6, 9), (3, 5, 6, 7, 9), (3, 4, 5, 6, 7), (1, 3, 4, 7, 8), (1, 2, 6, 7, 8), (1, 2, 6, 8, 9), (2, 3, 4, 5, 6), (1, 2, 3, 4, 8), (2, 3, 4, 5, 9), (1, 2, 3, 4, 6), (5, 6, 7, 8, 9), (3, 4, 7, 8, 9), (2, 6, 7, 8, 9), (2, 3, 7, 8, 9), (1, 5, 6, 7, 8), (1, 5, 6, 8, 9), (2, 3, 6, 7, 9), (3, 4, 5, 7, 9), (2, 3, 4, 8, 9), (1, 2, 3, 6, 7), (1, 2, 5, 6, 9), (1, 2, 4, 5, 6), (1, 4, 5, 6, 7), (1, 2, 3, 7, 8), (1, 4, 5, 7, 8), (1, 4, 5, 8, 9), (1, 2, 4, 8, 9)}
sphere_283={(2, 4, 5, 8, 9), (4, 5, 7, 8, 9), (4, 5, 6, 7, 9), (1, 3, 4, 6, 7), (2, 3, 5, 6, 9), (1, 3, 4, 7, 8), (1, 2, 6, 7, 8), (1, 2, 6, 8, 9), (3, 4, 5, 6, 9), (2, 3, 4, 5, 6), (1, 2, 3, 4, 8), (2, 3, 4, 5, 9), (1, 2, 3, 4, 6), (5, 6, 7, 8, 9), (3, 4, 7, 8, 9), (2, 6, 7, 8, 9), (2, 3, 7, 8, 9), (3, 4, 6, 7, 9), (1, 5, 6, 7, 8), (1, 5, 6, 8, 9), (2, 3, 6, 7, 9), (2, 3, 4, 8, 9), (1, 2, 4, 5, 8), (1, 2, 3, 6, 7), (1, 2, 5, 6, 9), (1, 2, 4, 5, 6), (1, 4, 5, 6, 7), (1, 2, 3, 7, 8), (1, 2, 5, 8, 9), (1, 4, 5, 7, 8)}
sphere_284={(4, 5, 7, 8, 9), (1, 2, 4, 5, 9), (4, 5, 6, 7, 9), (1, 3, 4, 6, 7), (2, 5, 6, 8, 9), (2, 3, 5, 6, 9), (1, 3, 4, 7, 8), (1, 2, 6, 7, 8), (3, 4, 5, 6, 9), (2, 3, 4, 5, 6), (1, 2, 3, 4, 8), (2, 3, 4, 5, 9), (1, 2, 3, 4, 6), (5, 6, 7, 8, 9), (3, 4, 7, 8, 9), (2, 6, 7, 8, 9), (2, 3, 7, 8, 9), (3, 4, 6, 7, 9), (1, 2, 5, 6, 8), (1, 5, 6, 7, 8), (2, 3, 6, 7, 9), (2, 3, 4, 8, 9), (1, 2, 3, 6, 7), (1, 2, 4, 5, 6), (1, 4, 5, 6, 7), (1, 2, 3, 7, 8), (1, 2, 5, 8, 9), (1, 4, 5, 7, 8), (1, 4, 5, 8, 9), (1, 2, 4, 8, 9)}
sphere_285={(4, 5, 7, 8, 9), (1, 2, 4, 5, 9), (4, 5, 6, 7, 9), (1, 3, 4, 6, 7), (2, 5, 6, 8, 9), (1, 2, 3, 8, 9), (2, 3, 5, 6, 9), (1, 3, 4, 7, 8), (1, 2, 6, 7, 8), (3, 4, 5, 6, 9), (2, 3, 4, 5, 6), (1, 3, 4, 8, 9), (2, 3, 4, 5, 9), (1, 2, 3, 4, 6), (5, 6, 7, 8, 9), (3, 4, 7, 8, 9), (1, 2, 3, 7, 8), (1, 2, 3, 4, 9), (3, 4, 6, 7, 9), (1, 2, 5, 6, 8), (1, 5, 6, 7, 8), (1, 2, 3, 6, 7), (1, 2, 4, 5, 6), (3, 6, 7, 8, 9), (2, 3, 6, 8, 9), (1, 4, 5, 6, 7), (2, 3, 6, 7, 8), (1, 2, 5, 8, 9), (1, 4, 5, 7, 8), (1, 4, 5, 8, 9)}
sphere_286={(4, 5, 7, 8, 9), (1, 2, 3, 7, 9), (1, 2, 4, 5, 9), (4, 5, 6, 7, 9), (1, 3, 4, 6, 7), (1, 2, 7, 8, 9), (1, 3, 4, 7, 8), (3, 4, 5, 6, 9), (1, 6, 7, 8, 9), (2, 3, 4, 5, 6), (1, 2, 3, 4, 8), (1, 3, 6, 7, 9), (2, 3, 4, 5, 9), (1, 2, 3, 4, 6), (5, 6, 7, 8, 9), (3, 4, 7, 8, 9), (2, 3, 7, 8, 9), (3, 4, 6, 7, 9), (1, 5, 6, 7, 8), (1, 5, 6, 8, 9), (2, 3, 4, 8, 9), (1, 3, 5, 6, 9), (1, 2, 4, 5, 6), (1, 2, 3, 5, 9), (1, 4, 5, 6, 7), (1, 2, 3, 7, 8), (1, 2, 3, 5, 6), (1, 4, 5, 7, 8), (1, 4, 5, 8, 9), (1, 2, 4, 8, 9)}
sphere_287={(2, 4, 5, 8, 9), (4, 5, 7, 8, 9), (1, 2, 3, 7, 9), (1, 2, 3, 6, 9), (4, 5, 6, 7, 9), (1, 3, 4, 6, 7), (1, 2, 7, 8, 9), (2, 3, 5, 6, 9), (1, 3, 4, 7, 8), (3, 4, 5, 6, 9), (1, 6, 7, 8, 9), (2, 3, 4, 5, 6), (1, 2, 3, 4, 8), (1, 3, 6, 7, 9), (2, 3, 4, 5, 9), (1, 2, 3, 4, 6), (5, 6, 7, 8, 9), (3, 4, 7, 8, 9), (2, 3, 7, 8, 9), (3, 4, 6, 7, 9), (1, 5, 6, 7, 8), (1, 5, 6, 8, 9), (2, 3, 4, 8, 9), (1, 2, 4, 5, 8), (1, 2, 5, 6, 9), (1, 2, 4, 5, 6), (1, 4, 5, 6, 7), (1, 2, 3, 7, 8), (1, 2, 5, 8, 9), (1, 4, 5, 7, 8)}
sphere_288={(1, 2, 4, 5, 9), (4, 5, 6, 7, 9), (1, 3, 4, 6, 7), (2, 3, 5, 6, 9), (1, 3, 7, 8, 9), (1, 2, 6, 8, 9), (1, 2, 6, 7, 8), (3, 4, 5, 6, 9), (1, 2, 3, 4, 8), (1, 3, 4, 8, 9), (2, 3, 4, 5, 9), (5, 6, 7, 8, 9), (1, 3, 4, 5, 6), (2, 6, 7, 8, 9), (2, 3, 7, 8, 9), (1, 3, 4, 7, 9), (3, 4, 6, 7, 9), (1, 4, 5, 7, 9), (1, 5, 6, 7, 8), (1, 5, 6, 8, 9), (2, 3, 6, 7, 9), (1, 5, 7, 8, 9), (2, 3, 4, 8, 9), (1, 2, 3, 4, 5), (1, 2, 3, 6, 7), (1, 2, 5, 6, 9), (1, 4, 5, 6, 7), (1, 2, 3, 7, 8), (1, 2, 3, 5, 6), (1, 2, 4, 8, 9)}
sphere_307={(2, 4, 5, 8, 9), (4, 5, 7, 8, 9), (1, 2, 3, 7, 9), (1, 2, 4, 5, 9), (1, 2, 6, 7, 9), (1, 3, 4, 6, 7), (2, 5, 6, 8, 9), (2, 3, 5, 6, 9), (1, 3, 7, 8, 9), (3, 4, 5, 6, 7), (3, 5, 6, 7, 9), (1, 3, 4, 7, 8), (1, 6, 7, 8, 9), (1, 2, 6, 8, 9), (1, 3, 4, 8, 9), (1, 3, 4, 5, 9), (5, 6, 7, 8, 9), (3, 4, 7, 8, 9), (1, 3, 4, 5, 6), (1, 2, 5, 6, 8), (1, 5, 6, 7, 8), (2, 3, 6, 7, 9), (3, 4, 5, 7, 9), (1, 2, 4, 5, 8), (1, 2, 3, 6, 7), (1, 2, 3, 5, 9), (1, 4, 5, 6, 7), (1, 2, 3, 5, 6), (1, 4, 5, 7, 8), (1, 2, 4, 8, 9)}
sphere_308={(1, 2, 4, 6, 7), (4, 5, 7, 8, 9), (1, 2, 3, 7, 9), (1, 2, 3, 4, 7), (1, 2, 6, 7, 9), (4, 5, 6, 7, 8), (4, 5, 6, 7, 9), (2, 5, 6, 8, 9), (1, 4, 6, 7, 8), (2, 3, 5, 6, 9), (1, 3, 7, 8, 9), (1, 3, 4, 7, 8), (1, 2, 6, 8, 9), (1, 6, 7, 8, 9), (3, 4, 5, 6, 9), (1, 3, 4, 8, 9), (1, 3, 4, 5, 9), (1, 2, 3, 4, 6), (5, 6, 7, 8, 9), (3, 4, 7, 8, 9), (1, 3, 4, 5, 6), (3, 4, 6, 7, 9), (1, 2, 5, 6, 8), (2, 3, 4, 6, 7), (2, 3, 6, 7, 9), (1, 4, 5, 6, 8), (1, 2, 3, 5, 9), (1, 2, 5, 8, 9), (1, 2, 3, 5, 6), (1, 4, 5, 8, 9)}
sphere_310={(4, 5, 7, 8, 9), (1, 2, 3, 7, 9), (1, 2, 6, 7, 9), (4, 5, 6, 7, 8), (4, 5, 6, 7, 9), (1, 3, 4, 6, 7), (2, 5, 6, 8, 9), (1, 4, 6, 7, 8), (2, 3, 5, 6, 9), (1, 3, 7, 8, 9), (1, 3, 4, 7, 8), (1, 2, 6, 8, 9), (1, 6, 7, 8, 9), (3, 4, 5, 6, 9), (2, 3, 4, 5, 6), (1, 3, 4, 8, 9), (1, 3, 4, 5, 9), (1, 2, 3, 4, 6), (5, 6, 7, 8, 9), (3, 4, 7, 8, 9), (3, 4, 6, 7, 9), (1, 2, 5, 6, 8), (2, 3, 6, 7, 9), (1, 4, 5, 6, 8), (1, 2, 3, 4, 5), (1, 2, 3, 6, 7), (1, 2, 4, 5, 6), (1, 2, 3, 5, 9), (1, 2, 5, 8, 9), (1, 4, 5, 8, 9)}
sphere_322={(3, 5, 6, 8, 9), (4, 5, 7, 8, 9), (3, 4, 5, 6, 8), (1, 2, 6, 7, 9), (4, 5, 6, 7, 9), (1, 3, 4, 6, 7), (1, 2, 7, 8, 9), (1, 2, 3, 8, 9), (2, 3, 4, 7, 9), (2, 3, 5, 6, 9), (1, 3, 4, 7, 8), (3, 4, 6, 8, 9), (1, 3, 4, 5, 6), (3, 4, 6, 7, 9), (1, 3, 4, 5, 8), (2, 3, 6, 7, 9), (1, 3, 5, 8, 9), (1, 5, 7, 8, 9), (2, 3, 4, 8, 9), (2, 3, 4, 7, 8), (1, 5, 6, 7, 9), (4, 5, 6, 8, 9), (1, 2, 5, 6, 9), (1, 2, 3, 6, 7), (2, 4, 7, 8, 9), (1, 2, 3, 5, 9), (1, 4, 5, 6, 7), (1, 2, 3, 7, 8), (1, 2, 3, 5, 6), (1, 4, 5, 7, 8)}
sphere_323={(4, 5, 7, 8, 9), (1, 2, 3, 6, 9), (4, 5, 6, 7, 9), (1, 3, 4, 6, 7), (2, 5, 6, 7, 8), (1, 3, 4, 7, 8), (1, 2, 6, 8, 9), (3, 4, 5, 6, 9), (1, 2, 3, 4, 8), (1, 3, 4, 5, 9), (1, 2, 5, 6, 7), (5, 6, 7, 8, 9), (3, 4, 7, 8, 9), (1, 3, 4, 5, 6), (2, 6, 7, 8, 9), (1, 2, 3, 4, 9), (1, 2, 5, 7, 8), (2, 3, 7, 8, 9), (3, 4, 6, 7, 9), (1, 2, 5, 6, 8), (1, 5, 6, 8, 9), (2, 3, 6, 7, 9), (2, 3, 4, 8, 9), (1, 3, 5, 6, 9), (1, 2, 3, 6, 7), (1, 4, 5, 6, 7), (1, 2, 3, 7, 8), (1, 4, 5, 7, 8), (1, 4, 5, 8, 9), (1, 2, 4, 8, 9)}
sphere_324={(4, 5, 7, 8, 9), (1, 2, 3, 4, 7), (2, 5, 7, 8, 9), (1, 2, 3, 6, 9), (4, 5, 6, 7, 9), (1, 3, 4, 6, 7), (2, 5, 6, 7, 8), (2, 5, 6, 7, 9), (2, 5, 6, 8, 9), (1, 2, 3, 8, 9), (1, 2, 6, 8, 9), (1, 2, 6, 7, 8), (3, 4, 5, 6, 9), (1, 2, 3, 4, 8), (1, 3, 4, 8, 9), (1, 3, 4, 5, 9), (3, 4, 7, 8, 9), (1, 3, 4, 5, 6), (2, 3, 7, 8, 9), (3, 4, 6, 7, 9), (1, 5, 6, 7, 8), (1, 5, 6, 8, 9), (2, 3, 6, 7, 9), (2, 3, 4, 7, 8), (1, 3, 5, 6, 9), (1, 2, 3, 6, 7), (1, 4, 5, 6, 7), (1, 4, 5, 7, 8), (1, 4, 5, 8, 9), (1, 2, 4, 7, 8)}
sphere_325={(1, 2, 4, 6, 7), (4, 5, 7, 8, 9), (1, 3, 5, 6, 7), (1, 2, 6, 7, 9), (1, 3, 4, 6, 7), (1, 2, 7, 8, 9), (1, 2, 3, 8, 9), (2, 3, 5, 6, 9), (3, 5, 6, 7, 9), (1, 3, 4, 8, 9), (1, 6, 7, 8, 9), (1, 2, 3, 4, 8), (1, 3, 4, 5, 9), (1, 2, 3, 4, 6), (5, 6, 7, 8, 9), (3, 4, 7, 8, 9), (2, 3, 7, 8, 9), (1, 5, 6, 7, 8), (2, 3, 4, 6, 7), (2, 3, 6, 7, 9), (3, 4, 5, 7, 9), (1, 5, 6, 8, 9), (2, 3, 4, 7, 8), (1, 2, 5, 6, 9), (1, 3, 4, 5, 7), (1, 2, 3, 5, 9), (1, 2, 3, 5, 6), (1, 4, 5, 7, 8), (1, 4, 5, 8, 9), (1, 2, 4, 7, 8)}
sphere_326={(4, 5, 7, 8, 9), (1, 2, 3, 4, 7), (1, 3, 4, 6, 7), (2, 3, 5, 6, 9), (3, 5, 6, 7, 9), (3, 4, 5, 6, 7), (1, 2, 6, 7, 8), (1, 2, 6, 8, 9), (1, 3, 4, 5, 9), (5, 6, 7, 8, 9), (3, 4, 7, 8, 9), (1, 3, 4, 5, 6), (2, 6, 7, 8, 9), (1, 2, 3, 4, 9), (2, 3, 7, 8, 9), (1, 5, 6, 7, 8), (1, 5, 6, 8, 9), (2, 3, 6, 7, 9), (3, 4, 5, 7, 9), (2, 3, 4, 8, 9), (2, 3, 4, 7, 8), (1, 2, 3, 6, 7), (1, 2, 5, 6, 9), (1, 2, 3, 5, 9), (1, 4, 5, 6, 7), (1, 2, 3, 5, 6), (1, 4, 5, 7, 8), (1, 4, 5, 8, 9), (1, 2, 4, 8, 9), (1, 2, 4, 7, 8)}
sphere_327={(1, 2, 4, 6, 7), (4, 5, 7, 8, 9), (1, 2, 6, 7, 9), (3, 4, 5, 8, 9), (1, 2, 7, 8, 9), (1, 2, 3, 8, 9), (2, 3, 5, 6, 9), (3, 5, 6, 7, 9), (3, 4, 5, 6, 7), (1, 6, 7, 8, 9), (1, 2, 3, 4, 8), (1, 2, 3, 4, 6), (5, 6, 7, 8, 9), (3, 4, 7, 8, 9), (1, 3, 4, 5, 6), (2, 3, 7, 8, 9), (1, 3, 4, 5, 8), (1, 5, 6, 7, 8), (2, 3, 4, 6, 7), (2, 3, 6, 7, 9), (3, 4, 5, 7, 9), (1, 5, 6, 8, 9), (1, 3, 5, 8, 9), (2, 3, 4, 7, 8), (1, 2, 5, 6, 9), (1, 2, 3, 5, 9), (1, 4, 5, 6, 7), (1, 2, 3, 5, 6), (1, 4, 5, 7, 8), (1, 2, 4, 7, 8)}
sphere_328={(1, 3, 5, 7, 8), (4, 5, 7, 8, 9), (1, 2, 6, 7, 9), (4, 5, 6, 7, 9), (3, 4, 5, 7, 8), (1, 3, 4, 6, 7), (1, 2, 7, 8, 9), (3, 4, 5, 8, 9), (1, 2, 3, 8, 9), (2, 3, 5, 6, 9), (3, 4, 5, 6, 9), (1, 6, 7, 8, 9), (5, 6, 7, 8, 9), (1, 3, 4, 5, 6), (1, 5, 6, 7, 8), (2, 3, 4, 6, 7), (2, 3, 4, 6, 9), (1, 5, 6, 8, 9), (1, 3, 5, 8, 9), (2, 3, 4, 8, 9), (2, 3, 4, 7, 8), (2, 4, 6, 7, 9), (1, 2, 3, 6, 7), (1, 2, 5, 6, 9), (1, 3, 4, 5, 7), (2, 4, 7, 8, 9), (1, 2, 3, 5, 9), (1, 4, 5, 6, 7), (1, 2, 3, 7, 8), (1, 2, 3, 5, 6)}
sphere_329={(4, 5, 7, 8, 9), (1, 2, 3, 7, 9), (1, 2, 4, 5, 9), (4, 5, 6, 7, 9), (1, 3, 4, 6, 7), (1, 2, 7, 8, 9), (2, 3, 5, 6, 9), (1, 3, 4, 7, 8), (1, 6, 7, 8, 9), (1, 2, 3, 4, 8), (1, 3, 6, 7, 9), (1, 2, 3, 4, 6), (5, 6, 7, 8, 9), (3, 4, 7, 8, 9), (2, 3, 7, 8, 9), (3, 4, 6, 7, 9), (1, 5, 6, 7, 8), (2, 3, 4, 6, 9), (1, 5, 6, 8, 9), (2, 3, 4, 8, 9), (1, 3, 5, 6, 9), (1, 2, 4, 5, 6), (1, 2, 3, 5, 9), (1, 4, 5, 6, 7), (1, 2, 3, 7, 8), (1, 2, 4, 8, 9), (1, 2, 3, 5, 6), (1, 4, 5, 7, 8), (1, 4, 5, 8, 9), (2, 4, 5, 6, 9)}
sphere_330={(4, 5, 7, 8, 9), (1, 2, 4, 5, 9), (1, 4, 7, 8, 9), (4, 5, 6, 7, 9), (1, 3, 4, 6, 7), (2, 5, 6, 8, 9), (1, 2, 3, 8, 9), (2, 3, 5, 6, 9), (1, 3, 7, 8, 9), (1, 2, 6, 7, 8), (3, 4, 5, 6, 9), (2, 3, 4, 5, 6), (2, 3, 4, 5, 9), (1, 2, 3, 4, 6), (5, 6, 7, 8, 9), (1, 2, 3, 7, 8), (1, 2, 3, 4, 9), (1, 3, 4, 7, 9), (3, 4, 6, 7, 9), (1, 2, 5, 6, 8), (1, 5, 6, 7, 8), (1, 2, 3, 6, 7), (1, 2, 4, 5, 6), (3, 6, 7, 8, 9), (2, 3, 6, 8, 9), (1, 4, 5, 6, 7), (2, 3, 6, 7, 8), (1, 2, 5, 8, 9), (1, 4, 5, 7, 8), (1, 4, 5, 8, 9)}
sphere_331={(1, 2, 4, 5, 9), (1, 4, 7, 8, 9), (4, 5, 6, 7, 9), (1, 3, 4, 6, 7), (2, 3, 5, 6, 9), (2, 3, 4, 7, 9), (1, 3, 4, 7, 8), (1, 2, 6, 7, 8), (1, 2, 6, 8, 9), (3, 4, 5, 6, 9), (2, 3, 4, 5, 6), (1, 2, 3, 4, 8), (2, 3, 4, 5, 9), (1, 2, 3, 4, 6), (5, 6, 7, 8, 9), (2, 6, 7, 8, 9), (3, 4, 6, 7, 9), (1, 5, 6, 7, 8), (1, 5, 6, 8, 9), (2, 3, 6, 7, 9), (1, 5, 7, 8, 9), (2, 3, 4, 7, 8), (1, 2, 3, 6, 7), (1, 2, 5, 6, 9), (1, 2, 4, 5, 6), (2, 4, 7, 8, 9), (1, 4, 5, 6, 7), (1, 2, 3, 7, 8), (1, 4, 5, 7, 9), (1, 2, 4, 8, 9)}
sphere_335={(1, 2, 3, 5, 8), (2, 4, 5, 8, 9), (4, 5, 7, 8, 9), (1, 2, 3, 7, 9), (1, 2, 6, 7, 9), (2, 3, 5, 8, 9), (4, 5, 6, 7, 9), (1, 3, 4, 6, 7), (1, 3, 7, 8, 9), (1, 3, 4, 7, 8), (1, 6, 7, 8, 9), (1, 2, 3, 4, 8), (1, 2, 3, 4, 6), (5, 6, 7, 8, 9), (3, 4, 7, 8, 9), (3, 4, 6, 7, 9), (1, 5, 6, 7, 8), (2, 3, 4, 6, 9), (2, 3, 6, 7, 9), (1, 5, 6, 8, 9), (1, 3, 5, 8, 9), (2, 3, 4, 8, 9), (1, 2, 4, 5, 8), (1, 2, 3, 6, 7), (1, 2, 5, 6, 9), (1, 2, 4, 5, 6), (1, 2, 3, 5, 9), (1, 4, 5, 6, 7), (1, 4, 5, 7, 8), (2, 4, 5, 6, 9)}
