P_1 = [[1, 2, 3, 4, 5], [1, 2, 3, 4, 9], [1, 2, 3, 5, 9], [1, 2, 4, 5, 8], [1, 2, 4, 8, 9], [1, 2, 5, 6, 8], [1, 2, 5, 6, 9], [1, 2, 6, 7, 8], [1, 2, 6, 7, 9], [1, 2, 7, 8, 9], [1, 3, 4, 5, 6], [1, 3, 4, 6, 7], [1, 3, 4, 7, 8], [1, 3, 4, 8, 9], [1, 3, 5, 6, 9], [1, 3, 6, 7, 9], [1, 3, 7, 8, 9], [1, 4, 5, 6, 7], [1, 4, 5, 7, 8], [1, 5, 6, 7, 8], [2, 3, 4, 5, 8], [2, 3, 4, 8, 9], [2, 3, 5, 8, 9], [2, 5, 6, 8, 9], [2, 6, 7, 8, 9], [3, 4, 5, 6, 8], [3, 4, 6, 7, 8], [3, 5, 6, 8, 9], [3, 6, 7, 8, 9], [4, 5, 6, 7, 8]]
P_2 = [[1, 2, 3, 4, 5], [1, 2, 3, 4, 9], [1, 2, 3, 5, 6], [1, 2, 3, 6, 7], [1, 2, 3, 7, 8], [1, 2, 3, 8, 9], [1, 2, 4, 5, 8], [1, 2, 4, 8, 9], [1, 2, 5, 6, 8], [1, 2, 6, 7, 8], [1, 3, 4, 5, 9], [1, 3, 5, 6, 9], [1, 3, 6, 7, 9], [1, 3, 7, 8, 9], [1, 4, 5, 6, 7], [1, 4, 5, 6, 9], [1, 4, 5, 7, 8], [1, 4, 6, 7, 9], [1, 4, 7, 8, 9], [1, 5, 6, 7, 8], [2, 3, 4, 5, 8], [2, 3, 4, 8, 9], [2, 3, 5, 6, 8], [2, 3, 6, 7, 8], [3, 4, 5, 8, 9], [3, 5, 6, 8, 9], [3, 6, 7, 8, 9], [4, 5, 6, 7, 8], [4, 5, 6, 8, 9], [4, 6, 7, 8, 9]]
P_3 = [[1, 2, 3, 4, 5], [1, 2, 3, 4, 8], [1, 2, 3, 5, 6], [1, 2, 3, 6, 7], [1, 2, 3, 7, 8], [1, 2, 4, 5, 9], [1, 2, 4, 8, 9], [1, 2, 5, 6, 8], [1, 2, 5, 8, 9], [1, 2, 6, 7, 8], [1, 3, 4, 5, 9], [1, 3, 4, 6, 7], [1, 3, 4, 6, 9], [1, 3, 4, 7, 8], [1, 3, 5, 6, 9], [1, 4, 6, 7, 9], [1, 4, 7, 8, 9], [1, 5, 6, 7, 8], [1, 5, 6, 7, 9], [1, 5, 7, 8, 9], [2, 3, 4, 5, 8], [2, 3, 5, 6, 8], [2, 3, 6, 7, 8], [2, 4, 5, 8, 9], [3, 4, 5, 8, 9], [3, 4, 6, 7, 8], [3, 4, 6, 8, 9], [3, 5, 6, 8, 9], [4, 6, 7, 8, 9], [5, 6, 7, 8, 9]]
P_4 = [[1, 2, 3, 5, 6], [1, 2, 3, 5, 9], [1, 2, 3, 6, 9], [1, 2, 4, 5, 8], [1, 2, 4, 5, 9], [1, 2, 4, 8, 9], [1, 2, 5, 6, 8], [1, 2, 6, 7, 8], [1, 2, 6, 7, 9], [1, 2, 7, 8, 9], [1, 3, 4, 5, 6], [1, 3, 4, 5, 9], [1, 3, 4, 6, 7], [1, 3, 4, 7, 8], [1, 3, 4, 8, 9], [1, 3, 6, 7, 9], [1, 3, 7, 8, 9], [1, 4, 5, 6, 7], [1, 4, 5, 7, 8], [1, 5, 6, 7, 8], [2, 3, 5, 6, 8], [2, 3, 5, 8, 9], [2, 3, 6, 8, 9], [2, 4, 5, 8, 9], [2, 6, 7, 8, 9], [3, 4, 5, 6, 8], [3, 4, 5, 8, 9], [3, 4, 6, 7, 8], [3, 6, 7, 8, 9], [4, 5, 6, 7, 8]]
P_5 = [[1, 2, 3, 4, 5], [1, 2, 3, 4, 8], [1, 2, 3, 5, 6], [1, 2, 3, 6, 7], [1, 2, 3, 7, 8], [1, 2, 4, 5, 8], [1, 2, 5, 6, 9], [1, 2, 5, 8, 9], [1, 2, 6, 7, 8], [1, 2, 6, 8, 9], [1, 3, 4, 5, 9], [1, 3, 4, 6, 7], [1, 3, 4, 6, 9], [1, 3, 4, 7, 8], [1, 3, 5, 6, 9], [1, 4, 5, 7, 8], [1, 4, 5, 7, 9], [1, 4, 6, 7, 9], [1, 5, 7, 8, 9], [1, 6, 7, 8, 9], [2, 3, 4, 5, 8], [2, 3, 5, 6, 8], [2, 3, 6, 7, 8], [2, 5, 6, 8, 9], [3, 4, 5, 8, 9], [3, 4, 6, 7, 8], [3, 4, 6, 8, 9], [3, 5, 6, 8, 9], [4, 5, 7, 8, 9], [4, 6, 7, 8, 9]]
P_6 = [[1, 2, 3, 6, 7], [1, 2, 3, 6, 9], [1, 2, 3, 7, 9], [1, 2, 4, 5, 8], [1, 2, 4, 5, 9], [1, 2, 4, 8, 9], [1, 2, 5, 6, 8], [1, 2, 5, 6, 9], [1, 2, 6, 7, 8], [1, 2, 7, 8, 9], [1, 3, 4, 5, 6], [1, 3, 4, 5, 9], [1, 3, 4, 6, 7], [1, 3, 4, 7, 8], [1, 3, 4, 8, 9], [1, 3, 5, 6, 9], [1, 3, 7, 8, 9], [1, 4, 5, 6, 7], [1, 4, 5, 7, 8], [1, 5, 6, 7, 8], [2, 3, 6, 7, 8], [2, 3, 6, 8, 9], [2, 3, 7, 8, 9], [2, 4, 5, 8, 9], [2, 5, 6, 8, 9], [3, 4, 5, 6, 8], [3, 4, 5, 8, 9], [3, 4, 6, 7, 8], [3, 5, 6, 8, 9], [4, 5, 6, 7, 8]]
P_7 = [[1, 2, 3, 5, 6], [1, 2, 3, 5, 9], [1, 2, 3, 6, 7], [1, 2, 3, 7, 8], [1, 2, 3, 8, 9], [1, 2, 4, 5, 8], [1, 2, 4, 5, 9], [1, 2, 4, 8, 9], [1, 2, 5, 6, 8], [1, 2, 6, 7, 8], [1, 3, 4, 7, 8], [1, 3, 4, 7, 9], [1, 3, 4, 8, 9], [1, 3, 5, 6, 9], [1, 3, 6, 7, 9], [1, 4, 5, 6, 7], [1, 4, 5, 6, 9], [1, 4, 5, 7, 8], [1, 4, 6, 7, 9], [1, 5, 6, 7, 8], [2, 3, 5, 6, 8], [2, 3, 5, 8, 9], [2, 3, 6, 7, 8], [2, 4, 5, 8, 9], [3, 4, 7, 8, 9], [3, 5, 6, 8, 9], [3, 6, 7, 8, 9], [4, 5, 6, 7, 8], [4, 5, 6, 8, 9], [4, 6, 7, 8, 9]]
P_8 = [[1, 2, 3, 4, 8], [1, 2, 3, 4, 9], [1, 2, 3, 5, 6], [1, 2, 3, 5, 9], [1, 2, 3, 6, 7], [1, 2, 3, 7, 8], [1, 2, 4, 8, 9], [1, 2, 5, 6, 8], [1, 2, 5, 8, 9], [1, 2, 6, 7, 8], [1, 3, 4, 6, 7], [1, 3, 4, 6, 9], [1, 3, 4, 7, 8], [1, 3, 5, 6, 9], [1, 4, 5, 7, 8], [1, 4, 5, 7, 9], [1, 4, 5, 8, 9], [1, 4, 6, 7, 9], [1, 5, 6, 7, 8], [1, 5, 6, 7, 9], [2, 3, 4, 8, 9], [2, 3, 5, 6, 8], [2, 3, 5, 8, 9], [2, 3, 6, 7, 8], [3, 4, 6, 7, 8], [3, 4, 6, 8, 9], [3, 5, 6, 8, 9], [4, 5, 7, 8, 9], [4, 6, 7, 8, 9], [5, 6, 7, 8, 9]]
P_9 = [[1, 2, 3, 4, 5], [1, 2, 3, 4, 9], [1, 2, 3, 5, 6], [1, 2, 3, 6, 7], [1, 2, 3, 7, 9], [1, 2, 4, 5, 8], [1, 2, 4, 8, 9], [1, 2, 5, 6, 9], [1, 2, 5, 8, 9], [1, 2, 6, 7, 9], [1, 3, 4, 5, 6], [1, 3, 4, 6, 7], [1, 3, 4, 7, 8], [1, 3, 4, 8, 9], [1, 3, 7, 8, 9], [1, 4, 5, 6, 7], [1, 4, 5, 7, 8], [1, 5, 6, 7, 8], [1, 5, 6, 8, 9], [1, 6, 7, 8, 9], [2, 3, 4, 5, 8], [2, 3, 4, 8, 9], [2, 3, 5, 6, 9], [2, 3, 5, 8, 9], [2, 3, 6, 7, 9], [3, 4, 5, 6, 8], [3, 4, 6, 7, 8], [3, 5, 6, 8, 9], [3, 6, 7, 8, 9], [4, 5, 6, 7, 8]]
P_10 = [[1, 2, 3, 4, 8], [1, 2, 3, 4, 9], [1, 2, 3, 5, 6], [1, 2, 3, 5, 9], [1, 2, 3, 6, 7], [1, 2, 3, 7, 8], [1, 2, 4, 5, 8], [1, 2, 4, 5, 9], [1, 2, 5, 6, 8], [1, 2, 6, 7, 8], [1, 3, 4, 6, 7], [1, 3, 4, 6, 9], [1, 3, 4, 7, 8], [1, 3, 5, 6, 9], [1, 4, 5, 8, 9], [1, 4, 6, 7, 9], [1, 4, 7, 8, 9], [1, 5, 6, 7, 8], [1, 5, 6, 7, 9], [1, 5, 7, 8, 9], [2, 3, 4, 5, 8], [2, 3, 4, 5, 9], [2, 3, 5, 6, 8], [2, 3, 6, 7, 8], [3, 4, 5, 8, 9], [3, 4, 6, 7, 8], [3, 4, 6, 8, 9], [3, 5, 6, 8, 9], [4, 6, 7, 8, 9], [5, 6, 7, 8, 9]]
P_11 = [[1, 2, 3, 4, 5], [1, 2, 3, 4, 8], [1, 2, 3, 5, 6], [1, 2, 3, 6, 7], [1, 2, 3, 7, 9], [1, 2, 3, 8, 9], [1, 2, 4, 5, 9], [1, 2, 4, 8, 9], [1, 2, 5, 6, 9], [1, 2, 6, 7, 9], [1, 3, 4, 5, 6], [1, 3, 4, 6, 7], [1, 3, 4, 7, 8], [1, 3, 7, 8, 9], [1, 4, 5, 6, 7], [1, 4, 5, 7, 8], [1, 4, 5, 8, 9], [1, 5, 6, 7, 8], [1, 5, 6, 8, 9], [1, 6, 7, 8, 9], [2, 3, 4, 5, 8], [2, 3, 5, 6, 9], [2, 3, 5, 8, 9], [2, 3, 6, 7, 9], [2, 4, 5, 8, 9], [3, 4, 5, 6, 8], [3, 4, 6, 7, 8], [3, 5, 6, 8, 9], [3, 6, 7, 8, 9], [4, 5, 6, 7, 8]]
P_12 = [[1, 2, 3, 4, 8], [1, 2, 3, 4, 9], [1, 2, 3, 8, 9], [1, 2, 4, 5, 8], [1, 2, 4, 5, 9], [1, 2, 5, 6, 8], [1, 2, 5, 6, 9], [1, 2, 6, 7, 8], [1, 2, 6, 7, 9], [1, 2, 7, 8, 9], [1, 3, 4, 5, 6], [1, 3, 4, 5, 9], [1, 3, 4, 6, 7], [1, 3, 4, 7, 8], [1, 3, 5, 6, 9], [1, 3, 6, 7, 9], [1, 3, 7, 8, 9], [1, 4, 5, 6, 7], [1, 4, 5, 7, 8], [1, 5, 6, 7, 8], [2, 3, 4, 5, 8], [2, 3, 4, 5, 9], [2, 3, 5, 8, 9], [2, 5, 6, 8, 9], [2, 6, 7, 8, 9], [3, 4, 5, 6, 8], [3, 4, 6, 7, 8], [3, 5, 6, 8, 9], [3, 6, 7, 8, 9], [4, 5, 6, 7, 8]]
P_13 = [[1, 2, 3, 4, 8], [1, 2, 3, 4, 9], [1, 2, 3, 5, 6], [1, 2, 3, 5, 9], [1, 2, 3, 6, 7], [1, 2, 3, 7, 8], [1, 2, 4, 5, 8], [1, 2, 4, 5, 9], [1, 2, 5, 6, 8], [1, 2, 6, 7, 8], [1, 3, 4, 8, 9], [1, 3, 5, 6, 9], [1, 3, 6, 7, 9], [1, 3, 7, 8, 9], [1, 4, 5, 6, 7], [1, 4, 5, 6, 9], [1, 4, 5, 7, 8], [1, 4, 6, 7, 9], [1, 4, 7, 8, 9], [1, 5, 6, 7, 8], [2, 3, 4, 5, 8], [2, 3, 4, 5, 9], [2, 3, 5, 6, 8], [2, 3, 6, 7, 8], [3, 4, 5, 8, 9], [3, 5, 6, 8, 9], [3, 6, 7, 8, 9], [4, 5, 6, 7, 8], [4, 5, 6, 8, 9], [4, 6, 7, 8, 9]]
P_14 = [[1, 2, 3, 4, 5], [1, 2, 3, 4, 9], [1, 2, 3, 5, 6], [1, 2, 3, 6, 7], [1, 2, 3, 7, 9], [1, 2, 4, 5, 9], [1, 2, 5, 6, 8], [1, 2, 5, 8, 9], [1, 2, 6, 7, 9], [1, 2, 6, 8, 9], [1, 3, 4, 5, 6], [1, 3, 4, 6, 7], [1, 3, 4, 7, 8], [1, 3, 4, 8, 9], [1, 3, 7, 8, 9], [1, 4, 5, 6, 7], [1, 4, 5, 7, 8], [1, 4, 5, 8, 9], [1, 5, 6, 7, 8], [1, 6, 7, 8, 9], [2, 3, 4, 5, 9], [2, 3, 5, 6, 8], [2, 3, 5, 8, 9], [2, 3, 6, 7, 9], [2, 3, 6, 8, 9], [3, 4, 5, 6, 8], [3, 4, 5, 8, 9], [3, 4, 6, 7, 8], [3, 6, 7, 8, 9], [4, 5, 6, 7, 8]]
P_15 = [[1, 2, 3, 4, 5], [1, 2, 3, 4, 8], [1, 2, 3, 5, 9], [1, 2, 3, 6, 7], [1, 2, 3, 6, 9], [1, 2, 3, 7, 8], [1, 2, 4, 5, 8], [1, 2, 5, 6, 8], [1, 2, 5, 6, 9], [1, 2, 6, 7, 8], [1, 3, 4, 5, 9], [1, 3, 4, 6, 7], [1, 3, 4, 6, 9], [1, 3, 4, 7, 8], [1, 4, 5, 7, 8], [1, 4, 5, 7, 9], [1, 4, 6, 7, 9], [1, 5, 6, 8, 9], [1, 5, 7, 8, 9], [1, 6, 7, 8, 9], [2, 3, 4, 5, 8], [2, 3, 5, 6, 8], [2, 3, 5, 6, 9], [2, 3, 6, 7, 8], [3, 4, 5, 8, 9], [3, 4, 6, 7, 8], [3, 4, 6, 8, 9], [3, 5, 6, 8, 9], [4, 5, 7, 8, 9], [4, 6, 7, 8, 9]]
P_16 = [[1, 2, 3, 4, 5], [1, 2, 3, 4, 9], [1, 2, 3, 5, 6], [1, 2, 3, 6, 7], [1, 2, 3, 7, 9], [1, 2, 4, 5, 9], [1, 2, 5, 6, 9], [1, 2, 6, 7, 8], [1, 2, 6, 8, 9], [1, 2, 7, 8, 9], [1, 3, 4, 5, 6], [1, 3, 4, 6, 7], [1, 3, 4, 7, 8], [1, 3, 4, 8, 9], [1, 3, 7, 8, 9], [1, 4, 5, 6, 7], [1, 4, 5, 7, 8], [1, 4, 5, 8, 9], [1, 5, 6, 7, 8], [1, 5, 6, 8, 9], [2, 3, 4, 5, 9], [2, 3, 5, 6, 9], [2, 3, 6, 7, 8], [2, 3, 6, 8, 9], [2, 3, 7, 8, 9], [3, 4, 5, 6, 8], [3, 4, 5, 8, 9], [3, 4, 6, 7, 8], [3, 5, 6, 8, 9], [4, 5, 6, 7, 8]]
P_17 = [[1, 2, 3, 4, 5], [1, 2, 3, 4, 8], [1, 2, 3, 5, 6], [1, 2, 3, 6, 7], [1, 2, 3, 7, 9], [1, 2, 3, 8, 9], [1, 2, 4, 5, 8], [1, 2, 5, 6, 8], [1, 2, 6, 7, 8], [1, 2, 7, 8, 9], [1, 3, 4, 5, 6], [1, 3, 4, 6, 7], [1, 3, 4, 7, 9], [1, 3, 4, 8, 9], [1, 4, 5, 6, 7], [1, 4, 5, 7, 9], [1, 4, 5, 8, 9], [1, 5, 6, 7, 9], [1, 5, 6, 8, 9], [1, 6, 7, 8, 9], [2, 3, 4, 5, 8], [2, 3, 5, 6, 8], [2, 3, 6, 7, 8], [2, 3, 7, 8, 9], [3, 4, 5, 6, 8], [3, 4, 6, 7, 9], [3, 4, 6, 8, 9], [3, 6, 7, 8, 9], [4, 5, 6, 7, 9], [4, 5, 6, 8, 9]]
P_18 = [[1, 2, 3, 4, 5], [1, 2, 3, 4, 8], [1, 2, 3, 5, 6], [1, 2, 3, 6, 7], [1, 2, 3, 7, 8], [1, 2, 4, 5, 9], [1, 2, 4, 8, 9], [1, 2, 5, 6, 8], [1, 2, 5, 8, 9], [1, 2, 6, 7, 8], [1, 3, 4, 5, 9], [1, 3, 4, 6, 7], [1, 3, 4, 6, 9], [1, 3, 4, 7, 8], [1, 3, 5, 6, 9], [1, 4, 6, 7, 9], [1, 4, 7, 8, 9], [1, 5, 6, 7, 8], [1, 5, 6, 7, 9], [1, 5, 7, 8, 9], [2, 3, 4, 5, 9], [2, 3, 4, 8, 9], [2, 3, 5, 6, 8], [2, 3, 5, 8, 9], [2, 3, 6, 7, 8], [3, 4, 6, 7, 8], [3, 4, 6, 8, 9], [3, 5, 6, 8, 9], [4, 6, 7, 8, 9], [5, 6, 7, 8, 9]]
P_19 = [[1, 2, 3, 5, 6], [1, 2, 3, 5, 9], [1, 2, 3, 6, 9], [1, 2, 4, 5, 8], [1, 2, 4, 5, 9], [1, 2, 4, 8, 9], [1, 2, 5, 6, 8], [1, 2, 6, 7, 8], [1, 2, 6, 7, 9], [1, 2, 7, 8, 9], [1, 3, 4, 5, 6], [1, 3, 4, 5, 9], [1, 3, 4, 6, 7], [1, 3, 4, 7, 8], [1, 3, 4, 8, 9], [1, 3, 6, 7, 9], [1, 3, 7, 8, 9], [1, 4, 5, 6, 7], [1, 4, 5, 7, 8], [1, 5, 6, 7, 8], [2, 3, 5, 6, 9], [2, 4, 5, 8, 9], [2, 5, 6, 8, 9], [2, 6, 7, 8, 9], [3, 4, 5, 6, 8], [3, 4, 5, 8, 9], [3, 4, 6, 7, 8], [3, 5, 6, 8, 9], [3, 6, 7, 8, 9], [4, 5, 6, 7, 8]]
P_20 = [[1, 2, 3, 4, 5], [1, 2, 3, 4, 8], [1, 2, 3, 5, 6], [1, 2, 3, 6, 7], [1, 2, 3, 7, 8], [1, 2, 4, 5, 8], [1, 2, 5, 6, 9], [1, 2, 5, 8, 9], [1, 2, 6, 7, 8], [1, 2, 6, 8, 9], [1, 3, 4, 5, 9], [1, 3, 4, 6, 7], [1, 3, 4, 6, 9], [1, 3, 4, 7, 8], [1, 3, 5, 6, 9], [1, 4, 5, 7, 8], [1, 4, 5, 7, 9], [1, 4, 6, 7, 9], [1, 5, 7, 8, 9], [1, 6, 7, 8, 9], [2, 3, 4, 5, 8], [2, 3, 5, 6, 9], [2, 3, 5, 8, 9], [2, 3, 6, 7, 8], [2, 3, 6, 8, 9], [3, 4, 5, 8, 9], [3, 4, 6, 7, 8], [3, 4, 6, 8, 9], [4, 5, 7, 8, 9], [4, 6, 7, 8, 9]]
P_21 = [[1, 2, 3, 5, 6], [1, 2, 3, 5, 9], [1, 2, 3, 6, 7], [1, 2, 3, 7, 8], [1, 2, 3, 8, 9], [1, 2, 4, 5, 8], [1, 2, 4, 5, 9], [1, 2, 4, 8, 9], [1, 2, 5, 6, 8], [1, 2, 6, 7, 8], [1, 3, 4, 5, 6], [1, 3, 4, 5, 9], [1, 3, 4, 6, 9], [1, 3, 6, 7, 9], [1, 3, 7, 8, 9], [1, 4, 5, 6, 7], [1, 4, 5, 7, 8], [1, 4, 6, 7, 9], [1, 4, 7, 8, 9], [1, 5, 6, 7, 8], [2, 3, 5, 6, 8], [2, 3, 5, 8, 9], [2, 3, 6, 7, 8], [2, 4, 5, 8, 9], [3, 4, 5, 6, 9], [3, 5, 6, 8, 9], [3, 6, 7, 8, 9], [4, 5, 6, 7, 8], [4, 5, 6, 8, 9], [4, 6, 7, 8, 9]]
P_22 = [[1, 2, 3, 4, 8], [1, 2, 3, 4, 9], [1, 2, 3, 5, 6], [1, 2, 3, 5, 9], [1, 2, 3, 6, 7], [1, 2, 3, 7, 8], [1, 2, 4, 8, 9], [1, 2, 5, 6, 8], [1, 2, 5, 8, 9], [1, 2, 6, 7, 8], [1, 3, 4, 5, 6], [1, 3, 4, 5, 9], [1, 3, 4, 6, 7], [1, 3, 4, 7, 8], [1, 4, 5, 6, 9], [1, 4, 6, 7, 9], [1, 4, 7, 8, 9], [1, 5, 6, 7, 8], [1, 5, 6, 7, 9], [1, 5, 7, 8, 9], [2, 3, 4, 8, 9], [2, 3, 5, 6, 8], [2, 3, 5, 8, 9], [2, 3, 6, 7, 8], [3, 4, 5, 6, 9], [3, 4, 6, 7, 8], [3, 4, 6, 8, 9], [3, 5, 6, 8, 9], [4, 6, 7, 8, 9], [5, 6, 7, 8, 9]]
P_23 = [[1, 2, 3, 4, 5], [1, 2, 3, 4, 8], [1, 2, 3, 5, 6], [1, 2, 3, 6, 7], [1, 2, 3, 7, 9], [1, 2, 3, 8, 9], [1, 2, 4, 5, 8], [1, 2, 5, 6, 8], [1, 2, 6, 7, 9], [1, 2, 6, 8, 9], [1, 3, 4, 5, 6], [1, 3, 4, 6, 7], [1, 3, 4, 7, 8], [1, 3, 7, 8, 9], [1, 4, 5, 6, 7], [1, 4, 5, 7, 9], [1, 4, 5, 8, 9], [1, 4, 7, 8, 9], [1, 5, 6, 7, 9], [1, 5, 6, 8, 9], [2, 3, 4, 5, 8], [2, 3, 5, 6, 8], [2, 3, 6, 7, 9], [2, 3, 6, 8, 9], [3, 4, 5, 6, 8], [3, 4, 6, 7, 9], [3, 4, 6, 8, 9], [3, 4, 7, 8, 9], [4, 5, 6, 7, 9], [4, 5, 6, 8, 9]]
P_24 = [[1, 2, 3, 4, 5], [1, 2, 3, 4, 8], [1, 2, 3, 5, 6], [1, 2, 3, 6, 7], [1, 2, 3, 7, 9], [1, 2, 3, 8, 9], [1, 2, 4, 5, 8], [1, 2, 5, 6, 8], [1, 2, 6, 7, 9], [1, 2, 6, 8, 9], [1, 3, 4, 5, 6], [1, 3, 4, 6, 7], [1, 3, 4, 7, 9], [1, 3, 4, 8, 9], [1, 4, 5, 6, 7], [1, 4, 5, 7, 8], [1, 4, 7, 8, 9], [1, 5, 6, 7, 9], [1, 5, 6, 8, 9], [1, 5, 7, 8, 9], [2, 3, 4, 5, 8], [2, 3, 5, 6, 8], [2, 3, 6, 7, 9], [2, 3, 6, 8, 9], [3, 4, 5, 6, 8], [3, 4, 6, 7, 9], [3, 4, 6, 8, 9], [4, 5, 6, 7, 9], [4, 5, 6, 8, 9], [4, 5, 7, 8, 9]]
P_25 = [[1, 2, 3, 4, 5], [1, 2, 3, 4, 8], [1, 2, 3, 5, 6], [1, 2, 3, 6, 7], [1, 2, 3, 7, 8], [1, 2, 4, 5, 9], [1, 2, 4, 8, 9], [1, 2, 5, 6, 8], [1, 2, 5, 8, 9], [1, 2, 6, 7, 8], [1, 3, 4, 5, 9], [1, 3, 4, 6, 7], [1, 3, 4, 6, 9], [1, 3, 4, 7, 8], [1, 3, 5, 6, 9], [1, 4, 6, 7, 9], [1, 4, 7, 8, 9], [1, 5, 6, 7, 8], [1, 5, 6, 7, 9], [1, 5, 7, 8, 9], [2, 3, 4, 5, 8], [2, 3, 5, 6, 8], [2, 3, 6, 7, 8], [2, 4, 5, 8, 9], [3, 4, 5, 6, 8], [3, 4, 5, 6, 9], [3, 4, 6, 7, 8], [4, 5, 6, 7, 8], [4, 5, 6, 7, 9], [4, 5, 7, 8, 9]]
P_26 = [[1, 2, 3, 5, 6], [1, 2, 3, 5, 9], [1, 2, 3, 6, 9], [1, 2, 4, 5, 8], [1, 2, 4, 5, 9], [1, 2, 4, 8, 9], [1, 2, 5, 6, 8], [1, 2, 6, 7, 8], [1, 2, 6, 7, 9], [1, 2, 7, 8, 9], [1, 3, 4, 5, 6], [1, 3, 4, 5, 9], [1, 3, 4, 6, 7], [1, 3, 4, 7, 8], [1, 3, 4, 8, 9], [1, 3, 6, 7, 9], [1, 3, 7, 8, 9], [1, 4, 5, 6, 7], [1, 4, 5, 7, 8], [1, 5, 6, 7, 8], [2, 3, 4, 5, 8], [2, 3, 4, 5, 9], [2, 3, 4, 8, 9], [2, 3, 5, 6, 8], [2, 3, 6, 7, 8], [2, 3, 6, 7, 9], [2, 3, 7, 8, 9], [3, 4, 5, 6, 8], [3, 4, 6, 7, 8], [4, 5, 6, 7, 8]]
P_27 = [[1, 2, 3, 4, 5], [1, 2, 3, 4, 8], [1, 2, 3, 5, 6], [1, 2, 3, 6, 7], [1, 2, 3, 7, 8], [1, 2, 4, 5, 8], [1, 2, 5, 6, 9], [1, 2, 5, 8, 9], [1, 2, 6, 7, 8], [1, 2, 6, 8, 9], [1, 3, 4, 5, 9], [1, 3, 4, 6, 7], [1, 3, 4, 6, 9], [1, 3, 4, 7, 8], [1, 3, 5, 6, 9], [1, 4, 5, 7, 8], [1, 4, 5, 7, 9], [1, 4, 6, 7, 9], [1, 5, 7, 8, 9], [1, 6, 7, 8, 9], [2, 3, 4, 5, 8], [2, 3, 5, 6, 8], [2, 3, 6, 7, 8], [2, 5, 6, 8, 9], [3, 4, 5, 6, 8], [3, 4, 5, 6, 9], [3, 4, 6, 7, 8], [4, 5, 6, 7, 8], [4, 5, 6, 7, 9], [5, 6, 7, 8, 9]]
P_28 = [[1, 2, 3, 5, 6], [1, 2, 3, 5, 9], [1, 2, 3, 6, 7], [1, 2, 3, 7, 8], [1, 2, 3, 8, 9], [1, 2, 4, 5, 8], [1, 2, 4, 5, 9], [1, 2, 4, 8, 9], [1, 2, 5, 6, 8], [1, 2, 6, 7, 8], [1, 3, 4, 5, 6], [1, 3, 4, 5, 9], [1, 3, 4, 6, 9], [1, 3, 6, 7, 9], [1, 3, 7, 8, 9], [1, 4, 5, 6, 7], [1, 4, 5, 7, 8], [1, 4, 6, 7, 9], [1, 4, 7, 8, 9], [1, 5, 6, 7, 8], [2, 3, 4, 5, 8], [2, 3, 4, 5, 9], [2, 3, 4, 8, 9], [2, 3, 5, 6, 8], [2, 3, 6, 7, 8], [3, 4, 5, 6, 8], [3, 4, 6, 7, 8], [3, 4, 6, 7, 9], [3, 4, 7, 8, 9], [4, 5, 6, 7, 8]]
P_29 = [[1, 2, 3, 4, 8], [1, 2, 3, 4, 9], [1, 2, 3, 5, 6], [1, 2, 3, 5, 9], [1, 2, 3, 6, 7], [1, 2, 3, 7, 8], [1, 2, 4, 8, 9], [1, 2, 5, 6, 8], [1, 2, 5, 8, 9], [1, 2, 6, 7, 8], [1, 3, 4, 6, 7], [1, 3, 4, 6, 9], [1, 3, 4, 7, 8], [1, 3, 5, 6, 9], [1, 4, 5, 7, 8], [1, 4, 5, 7, 9], [1, 4, 5, 8, 9], [1, 4, 6, 7, 9], [1, 5, 6, 7, 8], [1, 5, 6, 7, 9], [2, 3, 4, 5, 8], [2, 3, 4, 5, 9], [2, 3, 5, 6, 8], [2, 3, 6, 7, 8], [2, 4, 5, 8, 9], [3, 4, 5, 6, 8], [3, 4, 5, 6, 9], [3, 4, 6, 7, 8], [4, 5, 6, 7, 8], [4, 5, 6, 7, 9]]
P_30 = [[1, 2, 3, 4, 5], [1, 2, 3, 4, 8], [1, 2, 3, 5, 9], [1, 2, 3, 6, 7], [1, 2, 3, 6, 9], [1, 2, 3, 7, 8], [1, 2, 4, 5, 8], [1, 2, 5, 6, 8], [1, 2, 5, 6, 9], [1, 2, 6, 7, 8], [1, 3, 4, 5, 9], [1, 3, 4, 8, 9], [1, 3, 6, 7, 9], [1, 3, 7, 8, 9], [1, 4, 5, 6, 7], [1, 4, 5, 6, 9], [1, 4, 5, 7, 8], [1, 4, 6, 7, 9], [1, 4, 7, 8, 9], [1, 5, 6, 7, 8], [2, 3, 4, 5, 8], [2, 3, 5, 6, 8], [2, 3, 5, 6, 9], [2, 3, 6, 7, 8], [3, 4, 5, 6, 8], [3, 4, 5, 6, 9], [3, 4, 6, 7, 8], [3, 4, 6, 7, 9], [3, 4, 7, 8, 9], [4, 5, 6, 7, 8]]
P_31 = [[1, 2, 3, 4, 5], [1, 2, 3, 4, 8], [1, 2, 3, 5, 9], [1, 2, 3, 7, 8], [1, 2, 3, 7, 9], [1, 2, 4, 5, 8], [1, 2, 5, 6, 8], [1, 2, 5, 6, 9], [1, 2, 6, 8, 9], [1, 2, 7, 8, 9], [1, 3, 4, 5, 6], [1, 3, 4, 6, 9], [1, 3, 4, 7, 8], [1, 3, 4, 7, 9], [1, 3, 5, 6, 9], [1, 4, 5, 6, 7], [1, 4, 5, 7, 8], [1, 4, 6, 7, 9], [1, 5, 6, 7, 8], [1, 6, 7, 8, 9], [2, 3, 4, 5, 8], [2, 3, 5, 6, 8], [2, 3, 5, 6, 9], [2, 3, 6, 7, 8], [2, 3, 6, 7, 9], [2, 6, 7, 8, 9], [3, 4, 5, 6, 8], [3, 4, 6, 7, 8], [3, 4, 6, 7, 9], [4, 5, 6, 7, 8]]
P_32 = [[1, 2, 3, 4, 8], [1, 2, 3, 4, 9], [1, 2, 3, 6, 7], [1, 2, 3, 6, 9], [1, 2, 3, 7, 8], [1, 2, 4, 8, 9], [1, 2, 5, 6, 8], [1, 2, 5, 6, 9], [1, 2, 5, 8, 9], [1, 2, 6, 7, 8], [1, 3, 4, 5, 6], [1, 3, 4, 5, 9], [1, 3, 4, 6, 7], [1, 3, 4, 7, 8], [1, 3, 5, 6, 9], [1, 4, 5, 6, 7], [1, 4, 5, 7, 9], [1, 4, 7, 8, 9], [1, 5, 6, 7, 8], [1, 5, 7, 8, 9], [2, 3, 4, 5, 8], [2, 3, 4, 5, 9], [2, 3, 5, 6, 8], [2, 3, 5, 6, 9], [2, 3, 6, 7, 8], [2, 4, 5, 8, 9], [3, 4, 5, 6, 8], [3, 4, 6, 7, 8], [4, 5, 6, 7, 8], [4, 5, 7, 8, 9]]
P_33 = [[1, 2, 3, 6, 7], [1, 2, 3, 6, 9], [1, 2, 3, 7, 9], [1, 2, 4, 5, 8], [1, 2, 4, 5, 9], [1, 2, 4, 8, 9], [1, 2, 5, 6, 8], [1, 2, 5, 6, 9], [1, 2, 6, 7, 8], [1, 2, 7, 8, 9], [1, 3, 4, 5, 6], [1, 3, 4, 5, 9], [1, 3, 4, 6, 7], [1, 3, 4, 7, 8], [1, 3, 4, 8, 9], [1, 3, 5, 6, 9], [1, 3, 7, 8, 9], [1, 4, 5, 6, 7], [1, 4, 5, 7, 8], [1, 5, 6, 7, 8], [2, 3, 5, 6, 8], [2, 3, 5, 6, 9], [2, 3, 5, 8, 9], [2, 3, 6, 7, 8], [2, 3, 7, 8, 9], [2, 4, 5, 8, 9], [3, 4, 5, 6, 8], [3, 4, 5, 8, 9], [3, 4, 6, 7, 8], [4, 5, 6, 7, 8]]
P_34 = [[1, 2, 3, 4, 5], [1, 2, 3, 4, 8], [1, 2, 3, 5, 9], [1, 2, 3, 6, 7], [1, 2, 3, 6, 9], [1, 2, 3, 7, 8], [1, 2, 4, 5, 8], [1, 2, 5, 8, 9], [1, 2, 6, 7, 8], [1, 2, 6, 8, 9], [1, 3, 4, 5, 6], [1, 3, 4, 6, 7], [1, 3, 4, 7, 8], [1, 3, 5, 6, 9], [1, 4, 5, 6, 9], [1, 4, 5, 7, 8], [1, 4, 5, 7, 9], [1, 4, 6, 7, 9], [1, 5, 7, 8, 9], [1, 6, 7, 8, 9], [2, 3, 4, 5, 8], [2, 3, 5, 6, 8], [2, 3, 5, 6, 9], [2, 3, 6, 7, 8], [2, 5, 6, 8, 9], [3, 4, 5, 6, 8], [3, 4, 6, 7, 8], [4, 5, 6, 8, 9], [4, 5, 7, 8, 9], [4, 6, 7, 8, 9]]
P_35 = [[1, 2, 3, 5, 6], [1, 2, 3, 5, 9], [1, 2, 3, 6, 9], [1, 2, 4, 5, 8], [1, 2, 4, 5, 9], [1, 2, 4, 8, 9], [1, 2, 5, 6, 8], [1, 2, 6, 7, 8], [1, 2, 6, 7, 9], [1, 2, 7, 8, 9], [1, 3, 4, 5, 6], [1, 3, 4, 5, 9], [1, 3, 4, 6, 7], [1, 3, 4, 7, 8], [1, 3, 4, 8, 9], [1, 3, 6, 7, 9], [1, 3, 7, 8, 9], [1, 4, 5, 6, 7], [1, 4, 5, 7, 8], [1, 5, 6, 7, 8], [2, 3, 5, 6, 8], [2, 3, 5, 8, 9], [2, 3, 6, 7, 8], [2, 3, 6, 7, 9], [2, 3, 7, 8, 9], [2, 4, 5, 8, 9], [3, 4, 5, 6, 8], [3, 4, 5, 8, 9], [3, 4, 6, 7, 8], [4, 5, 6, 7, 8]]
P_36 = [[1, 2, 3, 4, 5], [1, 2, 3, 4, 8], [1, 2, 3, 5, 6], [1, 2, 3, 6, 7], [1, 2, 3, 7, 9], [1, 2, 3, 8, 9], [1, 2, 4, 5, 8], [1, 2, 5, 6, 8], [1, 2, 6, 7, 9], [1, 2, 6, 8, 9], [1, 3, 4, 5, 6], [1, 3, 4, 6, 7], [1, 3, 4, 7, 9], [1, 3, 4, 8, 9], [1, 4, 5, 6, 7], [1, 4, 5, 7, 8], [1, 4, 7, 8, 9], [1, 5, 6, 7, 9], [1, 5, 6, 8, 9], [1, 5, 7, 8, 9], [2, 3, 4, 5, 8], [2, 3, 5, 6, 8], [2, 3, 6, 7, 9], [2, 3, 6, 8, 9], [3, 4, 5, 6, 8], [3, 4, 6, 7, 8], [3, 4, 7, 8, 9], [3, 6, 7, 8, 9], [4, 5, 6, 7, 8], [5, 6, 7, 8, 9]]
P_37 = [[1, 2, 3, 4, 5], [1, 2, 3, 4, 9], [1, 2, 3, 5, 6], [1, 2, 3, 6, 7], [1, 2, 3, 7, 8], [1, 2, 3, 8, 9], [1, 2, 4, 5, 9], [1, 2, 5, 6, 9], [1, 2, 6, 7, 8], [1, 2, 6, 8, 9], [1, 3, 4, 5, 6], [1, 3, 4, 6, 7], [1, 3, 4, 7, 8], [1, 3, 4, 8, 9], [1, 4, 5, 6, 7], [1, 4, 5, 7, 9], [1, 4, 7, 8, 9], [1, 5, 6, 7, 8], [1, 5, 6, 8, 9], [1, 5, 7, 8, 9], [2, 3, 4, 5, 9], [2, 3, 5, 6, 8], [2, 3, 5, 8, 9], [2, 3, 6, 7, 8], [2, 5, 6, 8, 9], [3, 4, 5, 6, 7], [3, 4, 5, 7, 8], [3, 4, 5, 8, 9], [3, 5, 6, 7, 8], [4, 5, 7, 8, 9]]
P_38 = [[1, 2, 4, 5, 8], [1, 2, 4, 5, 9], [1, 2, 4, 8, 9], [1, 2, 5, 6, 8], [1, 2, 5, 6, 9], [1, 2, 6, 7, 8], [1, 2, 6, 7, 9], [1, 2, 7, 8, 9], [1, 3, 4, 5, 6], [1, 3, 4, 5, 9], [1, 3, 4, 6, 7], [1, 3, 4, 7, 8], [1, 3, 4, 8, 9], [1, 3, 5, 6, 9], [1, 3, 6, 7, 9], [1, 3, 7, 8, 9], [1, 4, 5, 6, 7], [1, 4, 5, 7, 8], [1, 5, 6, 7, 8], [2, 3, 4, 5, 8], [2, 3, 4, 5, 9], [2, 3, 4, 8, 9], [2, 3, 5, 6, 8], [2, 3, 5, 6, 9], [2, 3, 6, 7, 8], [2, 3, 6, 7, 9], [2, 3, 7, 8, 9], [3, 4, 5, 6, 8], [3, 4, 6, 7, 8], [4, 5, 6, 7, 8]]
P_39 = [[1, 2, 3, 5, 6], [1, 2, 3, 5, 9], [1, 2, 3, 6, 7], [1, 2, 3, 7, 8], [1, 2, 3, 8, 9], [1, 2, 4, 5, 8], [1, 2, 4, 5, 9], [1, 2, 4, 8, 9], [1, 2, 5, 6, 8], [1, 2, 6, 7, 8], [1, 3, 5, 6, 9], [1, 3, 6, 7, 9], [1, 3, 7, 8, 9], [1, 4, 5, 6, 7], [1, 4, 5, 6, 9], [1, 4, 5, 7, 8], [1, 4, 6, 7, 9], [1, 4, 7, 8, 9], [1, 5, 6, 7, 8], [2, 3, 4, 5, 8], [2, 3, 4, 5, 9], [2, 3, 4, 8, 9], [2, 3, 5, 6, 8], [2, 3, 6, 7, 8], [3, 4, 5, 6, 8], [3, 4, 5, 6, 9], [3, 4, 6, 7, 8], [3, 4, 6, 7, 9], [3, 4, 7, 8, 9], [4, 5, 6, 7, 8]]
P_40 = [[1, 2, 3, 4, 8], [1, 2, 3, 4, 9], [1, 2, 3, 5, 6], [1, 2, 3, 5, 9], [1, 2, 3, 6, 7], [1, 2, 3, 7, 8], [1, 2, 4, 8, 9], [1, 2, 5, 6, 8], [1, 2, 5, 8, 9], [1, 2, 6, 7, 8], [1, 3, 4, 6, 7], [1, 3, 4, 6, 9], [1, 3, 4, 7, 8], [1, 3, 5, 6, 9], [1, 4, 6, 7, 9], [1, 4, 7, 8, 9], [1, 5, 6, 7, 8], [1, 5, 6, 7, 9], [1, 5, 7, 8, 9], [2, 3, 4, 5, 8], [2, 3, 4, 5, 9], [2, 3, 5, 6, 8], [2, 3, 6, 7, 8], [2, 4, 5, 8, 9], [3, 4, 5, 6, 8], [3, 4, 5, 6, 9], [3, 4, 6, 7, 8], [4, 5, 6, 7, 8], [4, 5, 6, 7, 9], [4, 5, 7, 8, 9]]
P_41 = [[1, 2, 3, 4, 5], [1, 2, 3, 4, 9], [1, 2, 3, 5, 6], [1, 2, 3, 6, 7], [1, 2, 3, 7, 9], [1, 2, 4, 5, 9], [1, 2, 5, 6, 9], [1, 2, 6, 7, 9], [1, 3, 4, 5, 6], [1, 3, 4, 6, 7], [1, 3, 4, 7, 8], [1, 3, 4, 8, 9], [1, 3, 7, 8, 9], [1, 4, 5, 6, 7], [1, 4, 5, 7, 8], [1, 4, 5, 8, 9], [1, 5, 6, 7, 8], [1, 5, 6, 8, 9], [1, 6, 7, 8, 9], [2, 3, 4, 5, 8], [2, 3, 4, 8, 9], [2, 3, 5, 6, 8], [2, 3, 6, 7, 8], [2, 3, 7, 8, 9], [2, 4, 5, 8, 9], [2, 5, 6, 8, 9], [2, 6, 7, 8, 9], [3, 4, 5, 6, 8], [3, 4, 6, 7, 8], [4, 5, 6, 7, 8]]
P_42 = [[1, 2, 3, 5, 6], [1, 2, 3, 5, 7], [1, 2, 3, 6, 7], [1, 2, 4, 5, 6], [1, 2, 4, 5, 7], [1, 2, 4, 6, 7], [1, 3, 4, 5, 7], [1, 3, 4, 5, 8], [1, 3, 4, 6, 7], [1, 3, 4, 6, 9], [1, 3, 4, 8, 9], [1, 3, 5, 6, 9], [1, 3, 5, 8, 9], [1, 4, 5, 6, 8], [1, 4, 6, 8, 9], [1, 5, 6, 8, 9], [2, 3, 5, 6, 9], [2, 3, 5, 7, 8], [2, 3, 5, 8, 9], [2, 3, 6, 7, 9], [2, 3, 7, 8, 9], [2, 4, 5, 6, 8], [2, 4, 5, 7, 8], [2, 4, 6, 7, 8], [2, 5, 6, 8, 9], [2, 6, 7, 8, 9], [3, 4, 5, 7, 8], [3, 4, 6, 7, 9], [3, 4, 7, 8, 9], [4, 6, 7, 8, 9]]
P_43 = [[1, 2, 3, 4, 5], [1, 2, 3, 4, 9], [1, 2, 3, 5, 9], [1, 2, 4, 5, 8], [1, 2, 4, 8, 9], [1, 2, 5, 6, 8], [1, 2, 5, 6, 9], [1, 2, 6, 7, 8], [1, 2, 6, 7, 9], [1, 2, 7, 8, 9], [1, 3, 4, 5, 6], [1, 3, 4, 6, 9], [1, 3, 5, 6, 9], [1, 4, 5, 6, 7], [1, 4, 5, 7, 8], [1, 4, 6, 7, 9], [1, 4, 7, 8, 9], [1, 5, 6, 7, 8], [2, 3, 4, 5, 8], [2, 3, 4, 8, 9], [2, 3, 5, 6, 8], [2, 3, 5, 6, 9], [2, 3, 6, 7, 8], [2, 3, 6, 7, 9], [2, 3, 7, 8, 9], [3, 4, 5, 6, 8], [3, 4, 6, 7, 8], [3, 4, 6, 7, 9], [3, 4, 7, 8, 9], [4, 5, 6, 7, 8]]
P_44 = [[1, 2, 3, 4, 5], [1, 2, 3, 4, 9], [1, 2, 3, 5, 6], [1, 2, 3, 6, 7], [1, 2, 3, 7, 8], [1, 2, 3, 8, 9], [1, 2, 4, 5, 9], [1, 2, 5, 6, 8], [1, 2, 5, 8, 9], [1, 2, 6, 7, 8], [1, 3, 4, 5, 6], [1, 3, 4, 6, 9], [1, 3, 6, 7, 9], [1, 3, 7, 8, 9], [1, 4, 5, 6, 9], [1, 5, 6, 7, 8], [1, 5, 6, 7, 9], [1, 5, 7, 8, 9], [2, 3, 4, 5, 8], [2, 3, 4, 8, 9], [2, 3, 5, 6, 8], [2, 3, 6, 7, 8], [2, 4, 5, 8, 9], [3, 4, 5, 6, 8], [3, 4, 6, 7, 8], [3, 4, 6, 7, 9], [3, 4, 7, 8, 9], [4, 5, 6, 7, 8], [4, 5, 6, 7, 9], [4, 5, 7, 8, 9]]
P_45 = [[1, 2, 3, 4, 5], [1, 2, 3, 4, 8], [1, 2, 3, 5, 9], [1, 2, 3, 6, 7], [1, 2, 3, 6, 9], [1, 2, 3, 7, 8], [1, 2, 4, 5, 9], [1, 2, 4, 8, 9], [1, 2, 6, 7, 8], [1, 2, 6, 8, 9], [1, 3, 4, 5, 6], [1, 3, 4, 6, 7], [1, 3, 4, 7, 8], [1, 3, 5, 6, 9], [1, 4, 5, 6, 9], [1, 4, 6, 7, 9], [1, 4, 7, 8, 9], [1, 6, 7, 8, 9], [2, 3, 4, 5, 8], [2, 3, 5, 6, 8], [2, 3, 5, 6, 9], [2, 3, 6, 7, 8], [2, 4, 5, 8, 9], [2, 5, 6, 8, 9], [3, 4, 5, 6, 8], [3, 4, 6, 7, 8], [4, 5, 6, 7, 8], [4, 5, 6, 7, 9], [4, 5, 7, 8, 9], [5, 6, 7, 8, 9]]
P_46 = [[1, 2, 3, 4, 5], [1, 2, 3, 4, 9], [1, 2, 3, 5, 6], [1, 2, 3, 6, 7], [1, 2, 3, 7, 8], [1, 2, 3, 8, 9], [1, 2, 4, 5, 8], [1, 2, 4, 8, 9], [1, 2, 5, 6, 8], [1, 2, 6, 7, 8], [1, 3, 4, 5, 6], [1, 3, 4, 6, 9], [1, 3, 6, 7, 9], [1, 3, 7, 8, 9], [1, 4, 5, 6, 7], [1, 4, 5, 7, 8], [1, 4, 6, 7, 9], [1, 4, 7, 8, 9], [1, 5, 6, 7, 8], [2, 3, 4, 5, 9], [2, 3, 5, 6, 8], [2, 3, 5, 8, 9], [2, 3, 6, 7, 8], [2, 4, 5, 8, 9], [3, 4, 5, 6, 9], [3, 5, 6, 8, 9], [3, 6, 7, 8, 9], [4, 5, 6, 7, 8], [4, 5, 6, 8, 9], [4, 6, 7, 8, 9]]
P_47 = [[1, 2, 3, 4, 5], [1, 2, 3, 4, 9], [1, 2, 3, 5, 6], [1, 2, 3, 6, 7], [1, 2, 3, 7, 8], [1, 2, 3, 8, 9], [1, 2, 4, 5, 8], [1, 2, 4, 8, 9], [1, 2, 5, 6, 8], [1, 2, 6, 7, 8], [1, 3, 4, 5, 9], [1, 3, 5, 6, 9], [1, 3, 6, 7, 9], [1, 3, 7, 8, 9], [1, 4, 5, 8, 9], [1, 5, 6, 7, 8], [1, 5, 6, 7, 9], [1, 5, 7, 8, 9], [2, 3, 4, 5, 8], [2, 3, 4, 8, 9], [2, 3, 5, 6, 8], [2, 3, 6, 7, 8], [3, 4, 5, 6, 8], [3, 4, 5, 6, 9], [3, 4, 6, 7, 8], [3, 4, 6, 7, 9], [3, 4, 7, 8, 9], [4, 5, 6, 7, 8], [4, 5, 6, 7, 9], [4, 5, 7, 8, 9]]
P_48 = [[1, 2, 3, 4, 5], [1, 2, 3, 4, 8], [1, 2, 3, 5, 9], [1, 2, 3, 6, 7], [1, 2, 3, 6, 9], [1, 2, 3, 7, 8], [1, 2, 4, 5, 8], [1, 2, 5, 8, 9], [1, 2, 6, 7, 8], [1, 2, 6, 8, 9], [1, 3, 4, 5, 9], [1, 3, 4, 6, 7], [1, 3, 4, 6, 9], [1, 3, 4, 7, 8], [1, 4, 5, 8, 9], [1, 4, 6, 7, 9], [1, 4, 7, 8, 9], [1, 6, 7, 8, 9], [2, 3, 4, 5, 8], [2, 3, 5, 6, 8], [2, 3, 5, 6, 9], [2, 3, 6, 7, 8], [2, 5, 6, 8, 9], [3, 4, 5, 6, 8], [3, 4, 5, 6, 9], [3, 4, 6, 7, 8], [4, 5, 6, 7, 8], [4, 5, 6, 7, 9], [4, 5, 7, 8, 9], [5, 6, 7, 8, 9]]
P_49 = [[1, 2, 3, 4, 5], [1, 2, 3, 4, 9], [1, 2, 3, 5, 6], [1, 2, 3, 6, 9], [1, 2, 4, 5, 9], [1, 2, 5, 6, 9], [1, 3, 4, 5, 6], [1, 3, 4, 6, 7], [1, 3, 4, 7, 8], [1, 3, 4, 8, 9], [1, 3, 6, 7, 9], [1, 3, 7, 8, 9], [1, 4, 5, 6, 7], [1, 4, 5, 7, 8], [1, 4, 5, 8, 9], [1, 5, 6, 7, 8], [1, 5, 6, 8, 9], [1, 6, 7, 8, 9], [2, 3, 4, 5, 8], [2, 3, 4, 8, 9], [2, 3, 5, 6, 8], [2, 3, 6, 7, 8], [2, 3, 6, 7, 9], [2, 3, 7, 8, 9], [2, 4, 5, 8, 9], [2, 5, 6, 8, 9], [2, 6, 7, 8, 9], [3, 4, 5, 6, 8], [3, 4, 6, 7, 8], [4, 5, 6, 7, 8]]
P_50 = [[1, 2, 3, 4, 5], [1, 2, 3, 4, 9], [1, 2, 3, 5, 6], [1, 2, 3, 6, 9], [1, 2, 4, 5, 8], [1, 2, 4, 8, 9], [1, 2, 5, 6, 8], [1, 2, 6, 7, 8], [1, 2, 6, 7, 9], [1, 2, 7, 8, 9], [1, 3, 4, 5, 9], [1, 3, 5, 6, 9], [1, 4, 5, 6, 7], [1, 4, 5, 6, 9], [1, 4, 5, 7, 8], [1, 4, 6, 7, 9], [1, 4, 7, 8, 9], [1, 5, 6, 7, 8], [2, 3, 4, 5, 8], [2, 3, 4, 8, 9], [2, 3, 5, 6, 8], [2, 3, 6, 7, 8], [2, 3, 6, 7, 9], [2, 3, 7, 8, 9], [3, 4, 5, 6, 8], [3, 4, 5, 6, 9], [3, 4, 6, 7, 8], [3, 4, 6, 7, 9], [3, 4, 7, 8, 9], [4, 5, 6, 7, 8]]
P_51 = [[1, 2, 3, 4, 5], [1, 2, 3, 4, 8], [1, 2, 3, 5, 6], [1, 2, 3, 6, 7], [1, 2, 3, 7, 8], [1, 2, 4, 5, 9], [1, 2, 4, 8, 9], [1, 2, 5, 6, 9], [1, 2, 6, 7, 8], [1, 2, 6, 8, 9], [1, 3, 4, 5, 9], [1, 3, 4, 6, 7], [1, 3, 4, 6, 9], [1, 3, 4, 7, 8], [1, 3, 5, 6, 9], [1, 4, 6, 7, 9], [1, 4, 7, 8, 9], [1, 6, 7, 8, 9], [2, 3, 4, 5, 8], [2, 3, 5, 6, 8], [2, 3, 6, 7, 8], [2, 4, 5, 8, 9], [2, 5, 6, 8, 9], [3, 4, 5, 6, 8], [3, 4, 5, 6, 9], [3, 4, 6, 7, 8], [4, 5, 6, 7, 8], [4, 5, 6, 7, 9], [4, 5, 7, 8, 9], [5, 6, 7, 8, 9]]
P_52 = [[1, 2, 3, 4, 5], [1, 2, 3, 4, 8], [1, 2, 3, 5, 9], [1, 2, 3, 8, 9], [1, 2, 4, 5, 8], [1, 2, 5, 6, 8], [1, 2, 5, 6, 9], [1, 2, 6, 7, 8], [1, 2, 6, 7, 9], [1, 2, 7, 8, 9], [1, 3, 4, 5, 9], [1, 3, 4, 8, 9], [1, 4, 5, 6, 7], [1, 4, 5, 6, 9], [1, 4, 5, 7, 8], [1, 4, 6, 7, 9], [1, 4, 7, 8, 9], [1, 5, 6, 7, 8], [2, 3, 4, 5, 8], [2, 3, 5, 6, 8], [2, 3, 5, 6, 9], [2, 3, 6, 7, 8], [2, 3, 6, 7, 9], [2, 3, 7, 8, 9], [3, 4, 5, 6, 8], [3, 4, 5, 6, 9], [3, 4, 6, 7, 8], [3, 4, 6, 7, 9], [3, 4, 7, 8, 9], [4, 5, 6, 7, 8]]
P_53 = [[1, 2, 3, 4, 5], [1, 2, 3, 4, 8], [1, 2, 3, 5, 6], [1, 2, 3, 6, 7], [1, 2, 3, 7, 8], [1, 2, 4, 5, 9], [1, 2, 4, 8, 9], [1, 2, 5, 6, 8], [1, 2, 5, 8, 9], [1, 2, 6, 7, 8], [1, 3, 4, 5, 9], [1, 3, 4, 8, 9], [1, 3, 5, 6, 9], [1, 3, 6, 7, 9], [1, 3, 7, 8, 9], [1, 5, 6, 7, 8], [1, 5, 6, 7, 9], [1, 5, 7, 8, 9], [2, 3, 4, 5, 8], [2, 3, 5, 6, 8], [2, 3, 6, 7, 8], [2, 4, 5, 8, 9], [3, 4, 5, 6, 8], [3, 4, 5, 6, 9], [3, 4, 6, 7, 8], [3, 4, 6, 7, 9], [3, 4, 7, 8, 9], [4, 5, 6, 7, 8], [4, 5, 6, 7, 9], [4, 5, 7, 8, 9]]
P_54 = [[1, 2, 3, 4, 5], [1, 2, 3, 4, 8], [1, 2, 3, 5, 6], [1, 2, 3, 6, 9], [1, 2, 3, 7, 8], [1, 2, 3, 7, 9], [1, 2, 4, 5, 8], [1, 2, 5, 6, 8], [1, 2, 6, 7, 8], [1, 2, 6, 7, 9], [1, 3, 4, 5, 9], [1, 3, 4, 7, 8], [1, 3, 4, 7, 9], [1, 3, 5, 6, 9], [1, 4, 5, 6, 7], [1, 4, 5, 6, 9], [1, 4, 5, 7, 8], [1, 4, 6, 7, 9], [1, 5, 6, 7, 8], [2, 3, 4, 5, 8], [2, 3, 5, 6, 8], [2, 3, 6, 8, 9], [2, 3, 7, 8, 9], [2, 6, 7, 8, 9], [3, 4, 5, 8, 9], [3, 4, 7, 8, 9], [3, 5, 6, 8, 9], [4, 5, 6, 7, 8], [4, 5, 6, 8, 9], [4, 6, 7, 8, 9]]
P_55 = [[1, 2, 3, 5, 6], [1, 2, 3, 5, 9], [1, 2, 3, 6, 9], [1, 2, 4, 5, 8], [1, 2, 4, 5, 9], [1, 2, 4, 8, 9], [1, 2, 5, 6, 8], [1, 2, 6, 7, 8], [1, 2, 6, 7, 9], [1, 2, 7, 8, 9], [1, 3, 4, 5, 6], [1, 3, 4, 5, 9], [1, 3, 4, 6, 9], [1, 4, 5, 6, 7], [1, 4, 5, 7, 8], [1, 4, 6, 7, 9], [1, 4, 7, 8, 9], [1, 5, 6, 7, 8], [2, 3, 4, 5, 8], [2, 3, 4, 5, 9], [2, 3, 4, 8, 9], [2, 3, 5, 6, 8], [2, 3, 6, 7, 8], [2, 3, 6, 7, 9], [2, 3, 7, 8, 9], [3, 4, 5, 6, 8], [3, 4, 6, 7, 8], [3, 4, 6, 7, 9], [3, 4, 7, 8, 9], [4, 5, 6, 7, 8]]
P_56 = [[1, 2, 3, 4, 8], [1, 2, 3, 4, 9], [1, 2, 3, 5, 6], [1, 2, 3, 5, 9], [1, 2, 3, 6, 7], [1, 2, 3, 7, 8], [1, 2, 4, 8, 9], [1, 2, 5, 6, 9], [1, 2, 6, 7, 8], [1, 2, 6, 8, 9], [1, 3, 4, 5, 6], [1, 3, 4, 5, 9], [1, 3, 4, 6, 7], [1, 3, 4, 7, 8], [1, 4, 5, 6, 9], [1, 4, 6, 7, 9], [1, 4, 7, 8, 9], [1, 6, 7, 8, 9], [2, 3, 4, 5, 8], [2, 3, 4, 5, 9], [2, 3, 5, 6, 8], [2, 3, 6, 7, 8], [2, 4, 5, 8, 9], [2, 5, 6, 8, 9], [3, 4, 5, 6, 8], [3, 4, 6, 7, 8], [4, 5, 6, 7, 8], [4, 5, 6, 7, 9], [4, 5, 7, 8, 9], [5, 6, 7, 8, 9]]
P_57 = [[1, 2, 3, 4, 5], [1, 2, 3, 4, 8], [1, 2, 3, 5, 6], [1, 2, 3, 6, 9], [1, 2, 3, 7, 8], [1, 2, 3, 7, 9], [1, 2, 4, 5, 8], [1, 2, 5, 6, 9], [1, 2, 5, 8, 9], [1, 2, 7, 8, 9], [1, 3, 4, 5, 6], [1, 3, 4, 6, 9], [1, 3, 4, 7, 8], [1, 3, 4, 7, 9], [1, 4, 5, 6, 9], [1, 4, 5, 7, 8], [1, 4, 5, 7, 9], [1, 5, 7, 8, 9], [2, 3, 4, 5, 8], [2, 3, 5, 6, 8], [2, 3, 6, 7, 8], [2, 3, 6, 7, 9], [2, 5, 6, 8, 9], [2, 6, 7, 8, 9], [3, 4, 5, 6, 8], [3, 4, 6, 7, 8], [3, 4, 6, 7, 9], [4, 5, 6, 7, 8], [4, 5, 6, 7, 9], [5, 6, 7, 8, 9]]
P_58 = [[1, 2, 3, 4, 5], [1, 2, 3, 4, 8], [1, 2, 3, 5, 6], [1, 2, 3, 6, 9], [1, 2, 3, 7, 8], [1, 2, 3, 7, 9], [1, 2, 4, 5, 8], [1, 2, 5, 6, 8], [1, 2, 6, 7, 8], [1, 2, 6, 7, 9], [1, 3, 4, 5, 6], [1, 3, 4, 6, 9], [1, 3, 4, 7, 8], [1, 3, 4, 7, 9], [1, 4, 5, 6, 7], [1, 4, 5, 7, 8], [1, 4, 6, 7, 9], [1, 5, 6, 7, 8], [2, 3, 4, 5, 8], [2, 3, 5, 6, 9], [2, 3, 5, 8, 9], [2, 3, 7, 8, 9], [2, 5, 6, 8, 9], [2, 6, 7, 8, 9], [3, 4, 5, 6, 9], [3, 4, 5, 8, 9], [3, 4, 7, 8, 9], [4, 5, 6, 7, 8], [4, 5, 6, 8, 9], [4, 6, 7, 8, 9]]
P_59 = [[1, 2, 3, 4, 5], [1, 2, 3, 4, 8], [1, 2, 3, 5, 6], [1, 2, 3, 6, 7], [1, 2, 3, 7, 8], [1, 2, 4, 5, 8], [1, 2, 5, 6, 9], [1, 2, 5, 8, 9], [1, 2, 6, 7, 8], [1, 2, 6, 8, 9], [1, 3, 4, 5, 6], [1, 3, 4, 6, 7], [1, 3, 4, 7, 8], [1, 4, 5, 6, 9], [1, 4, 5, 7, 8], [1, 4, 5, 7, 9], [1, 4, 6, 7, 9], [1, 5, 7, 8, 9], [1, 6, 7, 8, 9], [2, 3, 4, 5, 8], [2, 3, 5, 6, 9], [2, 3, 5, 8, 9], [2, 3, 6, 7, 8], [2, 3, 6, 8, 9], [3, 4, 5, 6, 9], [3, 4, 5, 8, 9], [3, 4, 6, 7, 8], [3, 4, 6, 8, 9], [4, 5, 7, 8, 9], [4, 6, 7, 8, 9]]
P_60 = [[1, 2, 3, 4, 8], [1, 2, 3, 4, 9], [1, 2, 3, 5, 6], [1, 2, 3, 5, 9], [1, 2, 3, 6, 7], [1, 2, 3, 7, 8], [1, 2, 4, 8, 9], [1, 2, 5, 6, 8], [1, 2, 5, 8, 9], [1, 2, 6, 7, 8], [1, 3, 4, 6, 7], [1, 3, 4, 6, 9], [1, 3, 4, 7, 8], [1, 3, 5, 6, 9], [1, 4, 6, 7, 9], [1, 4, 7, 8, 9], [1, 5, 6, 8, 9], [1, 6, 7, 8, 9], [2, 3, 4, 5, 8], [2, 3, 4, 5, 9], [2, 3, 5, 6, 8], [2, 3, 6, 7, 8], [2, 4, 5, 8, 9], [3, 4, 5, 6, 8], [3, 4, 5, 6, 9], [3, 4, 6, 7, 8], [4, 5, 6, 7, 8], [4, 5, 6, 7, 9], [4, 5, 7, 8, 9], [5, 6, 7, 8, 9]]
P_61 = [[1, 2, 3, 5, 6], [1, 2, 3, 5, 9], [1, 2, 3, 6, 7], [1, 2, 3, 7, 9], [1, 2, 5, 6, 9], [1, 2, 6, 7, 9], [1, 3, 4, 5, 6], [1, 3, 4, 5, 9], [1, 3, 4, 6, 7], [1, 3, 4, 7, 8], [1, 3, 4, 8, 9], [1, 3, 7, 8, 9], [1, 4, 5, 6, 7], [1, 4, 5, 7, 8], [1, 4, 5, 8, 9], [1, 5, 6, 7, 8], [1, 5, 6, 8, 9], [1, 6, 7, 8, 9], [2, 3, 4, 5, 8], [2, 3, 4, 5, 9], [2, 3, 4, 8, 9], [2, 3, 5, 6, 8], [2, 3, 6, 7, 8], [2, 3, 7, 8, 9], [2, 4, 5, 8, 9], [2, 5, 6, 8, 9], [2, 6, 7, 8, 9], [3, 4, 5, 6, 8], [3, 4, 6, 7, 8], [4, 5, 6, 7, 8]]
P_62 = [[1, 2, 3, 5, 6], [1, 2, 3, 5, 9], [1, 2, 3, 6, 7], [1, 2, 3, 7, 9], [1, 2, 4, 5, 8], [1, 2, 4, 5, 9], [1, 2, 4, 8, 9], [1, 2, 5, 6, 8], [1, 2, 6, 7, 8], [1, 2, 7, 8, 9], [1, 3, 5, 6, 9], [1, 3, 6, 7, 9], [1, 4, 5, 6, 7], [1, 4, 5, 6, 9], [1, 4, 5, 7, 8], [1, 4, 6, 7, 9], [1, 4, 7, 8, 9], [1, 5, 6, 7, 8], [2, 3, 4, 5, 8], [2, 3, 4, 5, 9], [2, 3, 4, 8, 9], [2, 3, 5, 6, 8], [2, 3, 6, 7, 8], [2, 3, 7, 8, 9], [3, 4, 5, 6, 8], [3, 4, 5, 6, 9], [3, 4, 6, 7, 8], [3, 4, 6, 7, 9], [3, 4, 7, 8, 9], [4, 5, 6, 7, 8]]
P_63 = [[1, 2, 3, 4, 5], [1, 2, 3, 4, 8], [1, 2, 3, 5, 6], [1, 2, 3, 6, 7], [1, 2, 3, 7, 8], [1, 2, 4, 5, 8], [1, 2, 5, 6, 9], [1, 2, 5, 8, 9], [1, 2, 6, 7, 9], [1, 2, 7, 8, 9], [1, 3, 4, 5, 9], [1, 3, 4, 7, 8], [1, 3, 4, 7, 9], [1, 3, 5, 6, 9], [1, 3, 6, 7, 9], [1, 4, 5, 7, 8], [1, 4, 5, 7, 9], [1, 5, 7, 8, 9], [2, 3, 4, 5, 8], [2, 3, 5, 6, 8], [2, 3, 6, 7, 8], [2, 5, 6, 8, 9], [2, 6, 7, 8, 9], [3, 4, 5, 6, 8], [3, 4, 5, 6, 9], [3, 4, 6, 7, 8], [3, 4, 6, 7, 9], [4, 5, 6, 7, 8], [4, 5, 6, 7, 9], [5, 6, 7, 8, 9]]
P_64 = [[1, 2, 3, 5, 6], [1, 2, 3, 5, 9], [1, 2, 3, 6, 7], [1, 2, 3, 7, 9], [1, 2, 4, 5, 8], [1, 2, 4, 5, 9], [1, 2, 4, 8, 9], [1, 2, 5, 6, 8], [1, 2, 6, 7, 8], [1, 2, 7, 8, 9], [1, 3, 4, 5, 6], [1, 3, 4, 5, 9], [1, 3, 4, 6, 7], [1, 3, 4, 7, 8], [1, 3, 4, 8, 9], [1, 3, 7, 8, 9], [1, 4, 5, 6, 7], [1, 4, 5, 7, 8], [1, 5, 6, 7, 8], [2, 3, 5, 6, 9], [2, 3, 6, 7, 9], [2, 4, 5, 8, 9], [2, 5, 6, 8, 9], [2, 6, 7, 8, 9], [3, 4, 5, 6, 8], [3, 4, 5, 8, 9], [3, 4, 6, 7, 8], [3, 5, 6, 8, 9], [3, 6, 7, 8, 9], [4, 5, 6, 7, 8]]
P_65 = [[1, 2, 3, 4, 5], [1, 2, 3, 4, 8], [1, 2, 3, 5, 6], [1, 2, 3, 6, 7], [1, 2, 3, 7, 8], [1, 2, 4, 5, 8], [1, 2, 5, 6, 8], [1, 2, 6, 7, 8], [1, 3, 4, 5, 9], [1, 3, 4, 7, 8], [1, 3, 4, 7, 9], [1, 3, 5, 6, 9], [1, 3, 6, 7, 9], [1, 4, 5, 6, 7], [1, 4, 5, 6, 9], [1, 4, 5, 7, 8], [1, 4, 6, 7, 9], [1, 5, 6, 7, 8], [2, 3, 4, 5, 8], [2, 3, 5, 6, 9], [2, 3, 5, 8, 9], [2, 3, 6, 7, 9], [2, 3, 7, 8, 9], [2, 5, 6, 8, 9], [2, 6, 7, 8, 9], [3, 4, 5, 8, 9], [3, 4, 7, 8, 9], [4, 5, 6, 7, 8], [4, 5, 6, 8, 9], [4, 6, 7, 8, 9]]
P_66 = [[1, 2, 3, 4, 5], [1, 2, 3, 4, 8], [1, 2, 3, 5, 9], [1, 2, 3, 6, 7], [1, 2, 3, 6, 9], [1, 2, 3, 7, 8], [1, 2, 4, 5, 8], [1, 2, 5, 6, 8], [1, 2, 5, 6, 9], [1, 2, 6, 7, 8], [1, 3, 4, 5, 9], [1, 3, 4, 7, 8], [1, 3, 4, 7, 9], [1, 3, 6, 7, 9], [1, 4, 5, 6, 7], [1, 4, 5, 6, 9], [1, 4, 5, 7, 8], [1, 4, 6, 7, 9], [1, 5, 6, 7, 8], [2, 3, 4, 5, 8], [2, 3, 5, 8, 9], [2, 3, 6, 7, 8], [2, 3, 6, 8, 9], [2, 5, 6, 8, 9], [3, 4, 5, 8, 9], [3, 4, 7, 8, 9], [3, 6, 7, 8, 9], [4, 5, 6, 7, 8], [4, 5, 6, 8, 9], [4, 6, 7, 8, 9]]
P_67 = [[1, 2, 3, 7, 8], [1, 2, 3, 7, 9], [1, 2, 3, 8, 9], [1, 2, 4, 5, 8], [1, 2, 4, 5, 9], [1, 2, 4, 8, 9], [1, 2, 5, 6, 8], [1, 2, 5, 6, 9], [1, 2, 6, 7, 8], [1, 2, 6, 7, 9], [1, 3, 4, 7, 8], [1, 3, 4, 7, 9], [1, 3, 4, 8, 9], [1, 4, 5, 6, 7], [1, 4, 5, 6, 9], [1, 4, 5, 7, 8], [1, 4, 6, 7, 9], [1, 5, 6, 7, 8], [2, 3, 4, 5, 8], [2, 3, 4, 5, 9], [2, 3, 4, 8, 9], [2, 3, 5, 6, 8], [2, 3, 5, 6, 9], [2, 3, 6, 7, 8], [2, 3, 6, 7, 9], [3, 4, 5, 6, 8], [3, 4, 5, 6, 9], [3, 4, 6, 7, 8], [3, 4, 6, 7, 9], [4, 5, 6, 7, 8]]
P_68 = [[1, 2, 3, 4, 5], [1, 2, 3, 4, 8], [1, 2, 3, 5, 6], [1, 2, 3, 6, 9], [1, 2, 3, 7, 8], [1, 2, 3, 7, 9], [1, 2, 4, 5, 8], [1, 2, 5, 6, 8], [1, 2, 6, 8, 9], [1, 2, 7, 8, 9], [1, 3, 4, 5, 6], [1, 3, 4, 6, 9], [1, 3, 4, 7, 8], [1, 3, 4, 7, 9], [1, 4, 5, 6, 9], [1, 4, 5, 8, 9], [1, 4, 7, 8, 9], [1, 5, 6, 8, 9], [2, 3, 4, 5, 8], [2, 3, 5, 6, 8], [2, 3, 6, 7, 8], [2, 3, 6, 7, 9], [2, 6, 7, 8, 9], [3, 4, 5, 6, 8], [3, 4, 6, 7, 8], [3, 4, 6, 7, 9], [4, 5, 6, 7, 8], [4, 5, 6, 7, 9], [4, 5, 7, 8, 9], [5, 6, 7, 8, 9]]
P_69 = [[1, 2, 3, 4, 5], [1, 2, 3, 4, 9], [1, 2, 3, 5, 6], [1, 2, 3, 6, 7], [1, 2, 3, 7, 8], [1, 2, 3, 8, 9], [1, 2, 4, 5, 9], [1, 2, 5, 6, 9], [1, 2, 6, 7, 9], [1, 2, 7, 8, 9], [1, 3, 4, 5, 6], [1, 3, 4, 6, 7], [1, 3, 4, 7, 8], [1, 3, 4, 8, 9], [1, 4, 5, 6, 7], [1, 4, 5, 7, 9], [1, 4, 7, 8, 9], [1, 5, 6, 7, 9], [2, 3, 4, 5, 8], [2, 3, 4, 8, 9], [2, 3, 5, 6, 8], [2, 3, 6, 7, 8], [2, 4, 5, 8, 9], [2, 5, 6, 8, 9], [2, 6, 7, 8, 9], [3, 4, 5, 6, 8], [3, 4, 6, 7, 8], [4, 5, 6, 7, 8], [4, 5, 7, 8, 9], [5, 6, 7, 8, 9]]
P_70 = [[1, 2, 3, 7, 8], [1, 2, 3, 7, 9], [1, 2, 3, 8, 9], [1, 2, 6, 7, 8], [1, 2, 6, 7, 9], [1, 2, 6, 8, 9], [1, 3, 4, 5, 6], [1, 3, 4, 5, 9], [1, 3, 4, 6, 7], [1, 3, 4, 7, 8], [1, 3, 4, 8, 9], [1, 3, 5, 6, 9], [1, 3, 6, 7, 9], [1, 4, 5, 6, 7], [1, 4, 5, 7, 8], [1, 4, 5, 8, 9], [1, 5, 6, 7, 8], [1, 5, 6, 8, 9], [2, 3, 4, 5, 8], [2, 3, 4, 5, 9], [2, 3, 4, 8, 9], [2, 3, 5, 6, 8], [2, 3, 5, 6, 9], [2, 3, 6, 7, 8], [2, 3, 6, 7, 9], [2, 4, 5, 8, 9], [2, 5, 6, 8, 9], [3, 4, 5, 6, 8], [3, 4, 6, 7, 8], [4, 5, 6, 7, 8]]
P_71 = [[1, 2, 3, 4, 5], [1, 2, 3, 4, 9], [1, 2, 3, 5, 6], [1, 2, 3, 6, 7], [1, 2, 3, 7, 8], [1, 2, 3, 8, 9], [1, 2, 4, 5, 9], [1, 2, 5, 6, 9], [1, 2, 6, 7, 8], [1, 2, 6, 8, 9], [1, 3, 4, 5, 6], [1, 3, 4, 6, 7], [1, 3, 4, 7, 9], [1, 3, 7, 8, 9], [1, 4, 5, 6, 7], [1, 4, 5, 7, 9], [1, 5, 6, 7, 9], [1, 6, 7, 8, 9], [2, 3, 4, 5, 8], [2, 3, 4, 8, 9], [2, 3, 5, 6, 8], [2, 3, 6, 7, 8], [2, 4, 5, 8, 9], [2, 5, 6, 8, 9], [3, 4, 5, 6, 8], [3, 4, 6, 7, 8], [3, 4, 7, 8, 9], [4, 5, 6, 7, 8], [4, 5, 7, 8, 9], [5, 6, 7, 8, 9]]
P_72 = [[1, 2, 3, 4, 5], [1, 2, 3, 4, 8], [1, 2, 3, 5, 9], [1, 2, 3, 7, 8], [1, 2, 3, 7, 9], [1, 2, 4, 5, 8], [1, 2, 5, 6, 8], [1, 2, 5, 6, 9], [1, 2, 6, 7, 8], [1, 2, 6, 7, 9], [1, 3, 4, 5, 6], [1, 3, 4, 6, 9], [1, 3, 4, 7, 8], [1, 3, 4, 7, 9], [1, 3, 5, 6, 9], [1, 4, 5, 6, 7], [1, 4, 5, 7, 8], [1, 4, 6, 7, 9], [1, 5, 6, 7, 8], [2, 3, 4, 5, 8], [2, 3, 5, 8, 9], [2, 3, 7, 8, 9], [2, 5, 6, 8, 9], [2, 6, 7, 8, 9], [3, 4, 5, 6, 8], [3, 4, 6, 8, 9], [3, 4, 7, 8, 9], [3, 5, 6, 8, 9], [4, 5, 6, 7, 8], [4, 6, 7, 8, 9]]
P_73 = [[1, 2, 3, 4, 5], [1, 2, 3, 4, 9], [1, 2, 3, 5, 6], [1, 2, 3, 6, 7], [1, 2, 3, 7, 9], [1, 2, 4, 5, 9], [1, 2, 5, 6, 9], [1, 2, 6, 7, 9], [1, 3, 4, 5, 6], [1, 3, 4, 6, 7], [1, 3, 4, 7, 8], [1, 3, 4, 8, 9], [1, 3, 7, 8, 9], [1, 4, 5, 6, 7], [1, 4, 5, 7, 8], [1, 4, 5, 8, 9], [1, 5, 6, 7, 9], [1, 5, 7, 8, 9], [2, 3, 4, 5, 8], [2, 3, 4, 8, 9], [2, 3, 5, 6, 8], [2, 3, 6, 7, 8], [2, 3, 7, 8, 9], [2, 4, 5, 8, 9], [2, 5, 6, 8, 9], [2, 6, 7, 8, 9], [3, 4, 5, 6, 8], [3, 4, 6, 7, 8], [4, 5, 6, 7, 8], [5, 6, 7, 8, 9]]
P_74 = [[1, 2, 3, 4, 8], [1, 2, 3, 4, 9], [1, 2, 3, 8, 9], [1, 2, 4, 5, 8], [1, 2, 4, 5, 9], [1, 2, 5, 6, 8], [1, 2, 5, 6, 9], [1, 2, 6, 7, 8], [1, 2, 6, 7, 9], [1, 2, 7, 8, 9], [1, 3, 4, 7, 8], [1, 3, 4, 7, 9], [1, 3, 7, 8, 9], [1, 4, 5, 6, 7], [1, 4, 5, 6, 9], [1, 4, 5, 7, 8], [1, 4, 6, 7, 9], [1, 5, 6, 7, 8], [2, 3, 4, 5, 8], [2, 3, 4, 5, 9], [2, 3, 5, 6, 8], [2, 3, 5, 6, 9], [2, 3, 6, 7, 8], [2, 3, 6, 7, 9], [2, 3, 7, 8, 9], [3, 4, 5, 6, 8], [3, 4, 5, 6, 9], [3, 4, 6, 7, 8], [3, 4, 6, 7, 9], [4, 5, 6, 7, 8]]
P_75 = [[1, 2, 3, 4, 8], [1, 2, 3, 4, 9], [1, 2, 3, 5, 6], [1, 2, 3, 5, 9], [1, 2, 3, 6, 7], [1, 2, 3, 7, 8], [1, 2, 4, 8, 9], [1, 2, 5, 6, 8], [1, 2, 5, 8, 9], [1, 2, 6, 7, 8], [1, 3, 4, 7, 8], [1, 3, 4, 7, 9], [1, 3, 5, 6, 9], [1, 3, 6, 7, 9], [1, 4, 7, 8, 9], [1, 5, 6, 7, 8], [1, 5, 6, 7, 9], [1, 5, 7, 8, 9], [2, 3, 4, 5, 8], [2, 3, 4, 5, 9], [2, 3, 5, 6, 8], [2, 3, 6, 7, 8], [2, 4, 5, 8, 9], [3, 4, 5, 6, 8], [3, 4, 5, 6, 9], [3, 4, 6, 7, 8], [3, 4, 6, 7, 9], [4, 5, 6, 7, 8], [4, 5, 6, 7, 9], [4, 5, 7, 8, 9]]
P_76 = [[1, 2, 3, 4, 8], [1, 2, 3, 4, 9], [1, 2, 3, 5, 6], [1, 2, 3, 5, 9], [1, 2, 3, 6, 7], [1, 2, 3, 7, 8], [1, 2, 4, 5, 8], [1, 2, 4, 5, 9], [1, 2, 5, 6, 8], [1, 2, 6, 7, 8], [1, 3, 4, 7, 8], [1, 3, 4, 7, 9], [1, 3, 5, 6, 9], [1, 3, 6, 7, 9], [1, 4, 5, 6, 7], [1, 4, 5, 6, 9], [1, 4, 5, 7, 8], [1, 4, 6, 7, 9], [1, 5, 6, 7, 8], [2, 3, 4, 8, 9], [2, 3, 5, 6, 8], [2, 3, 5, 8, 9], [2, 3, 6, 7, 8], [2, 4, 5, 8, 9], [3, 4, 7, 8, 9], [3, 5, 6, 8, 9], [3, 6, 7, 8, 9], [4, 5, 6, 7, 8], [4, 5, 6, 8, 9], [4, 6, 7, 8, 9]]
P_77 = [[1, 2, 3, 4, 5], [1, 2, 3, 4, 8], [1, 2, 3, 5, 6], [1, 2, 3, 6, 9], [1, 2, 3, 8, 9], [1, 2, 4, 5, 8], [1, 2, 5, 6, 8], [1, 2, 6, 8, 9], [1, 3, 4, 5, 6], [1, 3, 4, 6, 9], [1, 3, 4, 8, 9], [1, 4, 5, 6, 9], [1, 4, 5, 7, 8], [1, 4, 5, 7, 9], [1, 4, 7, 8, 9], [1, 5, 6, 7, 8], [1, 5, 6, 7, 9], [1, 6, 7, 8, 9], [2, 3, 4, 5, 8], [2, 3, 5, 6, 8], [2, 3, 6, 7, 8], [2, 3, 6, 7, 9], [2, 3, 7, 8, 9], [2, 6, 7, 8, 9], [3, 4, 5, 6, 8], [3, 4, 6, 7, 8], [3, 4, 6, 7, 9], [3, 4, 7, 8, 9], [4, 5, 6, 7, 8], [4, 5, 6, 7, 9]]
P_78 = [[1, 2, 3, 4, 8], [1, 2, 3, 4, 9], [1, 2, 3, 5, 6], [1, 2, 3, 5, 9], [1, 2, 3, 6, 7], [1, 2, 3, 7, 8], [1, 2, 4, 5, 8], [1, 2, 4, 5, 9], [1, 2, 5, 6, 8], [1, 2, 6, 7, 8], [1, 3, 4, 6, 7], [1, 3, 4, 6, 9], [1, 3, 4, 7, 8], [1, 3, 5, 6, 9], [1, 4, 5, 7, 8], [1, 4, 5, 7, 9], [1, 4, 6, 7, 9], [1, 5, 6, 7, 8], [1, 5, 6, 7, 9], [2, 3, 4, 8, 9], [2, 3, 5, 6, 8], [2, 3, 5, 8, 9], [2, 3, 6, 7, 8], [2, 4, 5, 8, 9], [3, 4, 6, 7, 8], [3, 4, 6, 8, 9], [3, 5, 6, 8, 9], [4, 5, 7, 8, 9], [4, 6, 7, 8, 9], [5, 6, 7, 8, 9]]
P_79 = [[1, 2, 3, 5, 6], [1, 2, 3, 5, 7], [1, 2, 3, 6, 7], [1, 2, 4, 5, 7], [1, 2, 4, 5, 9], [1, 2, 4, 7, 9], [1, 2, 5, 6, 9], [1, 2, 6, 7, 9], [1, 3, 4, 5, 7], [1, 3, 4, 5, 8], [1, 3, 4, 7, 9], [1, 3, 4, 8, 9], [1, 3, 5, 6, 8], [1, 3, 6, 7, 9], [1, 3, 6, 8, 9], [1, 4, 5, 8, 9], [1, 5, 6, 8, 9], [2, 3, 5, 6, 8], [2, 3, 5, 7, 8], [2, 3, 6, 7, 8], [2, 4, 5, 7, 8], [2, 4, 5, 8, 9], [2, 4, 6, 7, 8], [2, 4, 6, 7, 9], [2, 4, 6, 8, 9], [2, 5, 6, 8, 9], [3, 4, 5, 7, 8], [3, 4, 6, 7, 8], [3, 4, 6, 7, 9], [3, 4, 6, 8, 9]]
P_80 = [[1, 2, 3, 5, 6], [1, 2, 3, 5, 7], [1, 2, 3, 6, 7], [1, 2, 4, 5, 6], [1, 2, 4, 5, 7], [1, 2, 4, 6, 7], [1, 3, 4, 5, 7], [1, 3, 4, 5, 8], [1, 3, 4, 6, 7], [1, 3, 4, 6, 9], [1, 3, 4, 8, 9], [1, 3, 5, 6, 9], [1, 3, 5, 8, 9], [1, 4, 5, 6, 9], [1, 4, 5, 8, 9], [2, 3, 5, 6, 9], [2, 3, 5, 7, 8], [2, 3, 5, 8, 9], [2, 3, 6, 7, 9], [2, 3, 7, 8, 9], [2, 4, 5, 6, 9], [2, 4, 5, 7, 8], [2, 4, 5, 8, 9], [2, 4, 6, 7, 8], [2, 4, 6, 8, 9], [2, 6, 7, 8, 9], [3, 4, 5, 7, 8], [3, 4, 6, 7, 8], [3, 4, 6, 8, 9], [3, 6, 7, 8, 9]]
P_81 = [[1, 2, 3, 5, 6], [1, 2, 3, 5, 9], [1, 2, 3, 6, 9], [1, 2, 4, 5, 6], [1, 2, 4, 5, 7], [1, 2, 4, 6, 7], [1, 2, 5, 7, 9], [1, 2, 6, 7, 9], [1, 3, 4, 5, 8], [1, 3, 4, 5, 9], [1, 3, 4, 6, 7], [1, 3, 4, 6, 8], [1, 3, 4, 7, 9], [1, 3, 5, 6, 8], [1, 3, 6, 7, 9], [1, 4, 5, 6, 8], [1, 4, 5, 7, 9], [2, 3, 5, 6, 8], [2, 3, 5, 8, 9], [2, 3, 6, 8, 9], [2, 4, 5, 6, 8], [2, 4, 5, 7, 8], [2, 4, 6, 7, 8], [2, 5, 7, 8, 9], [2, 6, 7, 8, 9], [3, 4, 5, 8, 9], [3, 4, 6, 7, 8], [3, 4, 7, 8, 9], [3, 6, 7, 8, 9], [4, 5, 7, 8, 9]]
P_82 = [[1, 2, 3, 5, 7], [1, 2, 3, 5, 9], [1, 2, 3, 6, 7], [1, 2, 3, 6, 9], [1, 2, 4, 5, 7], [1, 2, 4, 5, 9], [1, 2, 4, 7, 9], [1, 2, 6, 7, 9], [1, 3, 4, 5, 7], [1, 3, 4, 5, 8], [1, 3, 4, 6, 7], [1, 3, 4, 6, 8], [1, 3, 5, 6, 8], [1, 3, 5, 6, 9], [1, 4, 5, 6, 8], [1, 4, 5, 6, 9], [1, 4, 6, 7, 9], [2, 3, 5, 7, 8], [2, 3, 5, 8, 9], [2, 3, 6, 7, 8], [2, 3, 6, 8, 9], [2, 4, 5, 7, 8], [2, 4, 5, 8, 9], [2, 4, 7, 8, 9], [2, 6, 7, 8, 9], [3, 4, 5, 7, 8], [3, 4, 6, 7, 8], [3, 5, 6, 8, 9], [4, 5, 6, 8, 9], [4, 6, 7, 8, 9]]
P_83 = [[1, 2, 3, 4, 5], [1, 2, 3, 4, 9], [1, 2, 3, 5, 9], [1, 2, 4, 5, 9], [1, 3, 4, 5, 6], [1, 3, 4, 6, 7], [1, 3, 4, 7, 8], [1, 3, 4, 8, 9], [1, 3, 5, 6, 9], [1, 3, 6, 7, 9], [1, 3, 7, 8, 9], [1, 4, 5, 6, 7], [1, 4, 5, 7, 8], [1, 4, 5, 8, 9], [1, 5, 6, 7, 8], [1, 5, 6, 8, 9], [1, 6, 7, 8, 9], [2, 3, 4, 5, 8], [2, 3, 4, 8, 9], [2, 3, 5, 6, 8], [2, 3, 5, 6, 9], [2, 3, 6, 7, 8], [2, 3, 6, 7, 9], [2, 3, 7, 8, 9], [2, 4, 5, 8, 9], [2, 5, 6, 8, 9], [2, 6, 7, 8, 9], [3, 4, 5, 6, 8], [3, 4, 6, 7, 8], [4, 5, 6, 7, 8]]
P_84 = [[1, 2, 3, 4, 5], [1, 2, 3, 4, 8], [1, 2, 3, 5, 9], [1, 2, 3, 6, 7], [1, 2, 3, 6, 9], [1, 2, 3, 7, 8], [1, 2, 4, 5, 9], [1, 2, 4, 8, 9], [1, 2, 6, 7, 8], [1, 2, 6, 8, 9], [1, 3, 4, 5, 9], [1, 3, 4, 6, 7], [1, 3, 4, 6, 9], [1, 3, 4, 7, 8], [1, 4, 6, 7, 9], [1, 4, 7, 8, 9], [1, 6, 7, 8, 9], [2, 3, 4, 5, 8], [2, 3, 5, 6, 8], [2, 3, 5, 6, 9], [2, 3, 6, 7, 8], [2, 4, 5, 8, 9], [2, 5, 6, 8, 9], [3, 4, 5, 6, 8], [3, 4, 5, 6, 9], [3, 4, 6, 7, 8], [4, 5, 6, 7, 8], [4, 5, 6, 7, 9], [4, 5, 7, 8, 9], [5, 6, 7, 8, 9]]
P_85 = [[1, 2, 3, 5, 6], [1, 2, 3, 5, 9], [1, 2, 3, 6, 9], [1, 2, 5, 6, 9], [1, 3, 4, 5, 6], [1, 3, 4, 5, 9], [1, 3, 4, 6, 7], [1, 3, 4, 7, 8], [1, 3, 4, 8, 9], [1, 3, 6, 7, 9], [1, 3, 7, 8, 9], [1, 4, 5, 6, 7], [1, 4, 5, 7, 8], [1, 4, 5, 8, 9], [1, 5, 6, 7, 8], [1, 5, 6, 8, 9], [1, 6, 7, 8, 9], [2, 3, 4, 5, 8], [2, 3, 4, 5, 9], [2, 3, 4, 8, 9], [2, 3, 5, 6, 8], [2, 3, 6, 7, 8], [2, 3, 6, 7, 9], [2, 3, 7, 8, 9], [2, 4, 5, 8, 9], [2, 5, 6, 8, 9], [2, 6, 7, 8, 9], [3, 4, 5, 6, 8], [3, 4, 6, 7, 8], [4, 5, 6, 7, 8]]
P_86 = [[1, 2, 3, 5, 6], [1, 2, 3, 5, 9], [1, 2, 3, 6, 9], [1, 2, 4, 5, 8], [1, 2, 4, 5, 9], [1, 2, 4, 8, 9], [1, 2, 5, 6, 8], [1, 2, 6, 7, 8], [1, 2, 6, 7, 9], [1, 2, 7, 8, 9], [1, 3, 5, 6, 9], [1, 4, 5, 6, 7], [1, 4, 5, 6, 9], [1, 4, 5, 7, 8], [1, 4, 6, 7, 9], [1, 4, 7, 8, 9], [1, 5, 6, 7, 8], [2, 3, 4, 5, 8], [2, 3, 4, 5, 9], [2, 3, 4, 8, 9], [2, 3, 5, 6, 8], [2, 3, 6, 7, 8], [2, 3, 6, 7, 9], [2, 3, 7, 8, 9], [3, 4, 5, 6, 8], [3, 4, 5, 6, 9], [3, 4, 6, 7, 8], [3, 4, 6, 7, 9], [3, 4, 7, 8, 9], [4, 5, 6, 7, 8]]
P_87 = [[1, 2, 3, 4, 8], [1, 2, 3, 4, 9], [1, 2, 3, 5, 6], [1, 2, 3, 5, 9], [1, 2, 3, 6, 7], [1, 2, 3, 7, 8], [1, 2, 4, 8, 9], [1, 2, 5, 6, 9], [1, 2, 6, 7, 8], [1, 2, 6, 8, 9], [1, 3, 4, 6, 7], [1, 3, 4, 6, 9], [1, 3, 4, 7, 8], [1, 3, 5, 6, 9], [1, 4, 6, 7, 9], [1, 4, 7, 8, 9], [1, 6, 7, 8, 9], [2, 3, 4, 5, 8], [2, 3, 4, 5, 9], [2, 3, 5, 6, 8], [2, 3, 6, 7, 8], [2, 4, 5, 8, 9], [2, 5, 6, 8, 9], [3, 4, 5, 6, 8], [3, 4, 5, 6, 9], [3, 4, 6, 7, 8], [4, 5, 6, 7, 8], [4, 5, 6, 7, 9], [4, 5, 7, 8, 9], [5, 6, 7, 8, 9]]
P_88 = [[1, 2, 3, 4, 5], [1, 2, 3, 4, 8], [1, 2, 3, 5, 6], [1, 2, 3, 6, 9], [1, 2, 3, 7, 8], [1, 2, 3, 7, 9], [1, 2, 4, 5, 8], [1, 2, 5, 6, 8], [1, 2, 6, 7, 8], [1, 2, 6, 7, 9], [1, 3, 4, 5, 9], [1, 3, 4, 7, 8], [1, 3, 4, 7, 9], [1, 3, 5, 6, 9], [1, 4, 5, 6, 7], [1, 4, 5, 6, 9], [1, 4, 5, 7, 8], [1, 4, 6, 7, 9], [1, 5, 6, 7, 8], [2, 3, 4, 5, 8], [2, 3, 5, 6, 9], [2, 3, 5, 8, 9], [2, 3, 7, 8, 9], [2, 5, 6, 8, 9], [2, 6, 7, 8, 9], [3, 4, 5, 8, 9], [3, 4, 7, 8, 9], [4, 5, 6, 7, 8], [4, 5, 6, 8, 9], [4, 6, 7, 8, 9]]
P_89 = [[1, 2, 3, 4, 5], [1, 2, 3, 4, 8], [1, 2, 3, 5, 9], [1, 2, 3, 6, 7], [1, 2, 3, 6, 9], [1, 2, 3, 7, 8], [1, 2, 4, 5, 8], [1, 2, 5, 6, 8], [1, 2, 5, 6, 9], [1, 2, 6, 7, 8], [1, 3, 4, 5, 9], [1, 3, 4, 7, 8], [1, 3, 4, 7, 9], [1, 3, 6, 7, 9], [1, 4, 5, 6, 7], [1, 4, 5, 6, 9], [1, 4, 5, 7, 8], [1, 4, 6, 7, 9], [1, 5, 6, 7, 8], [2, 3, 4, 5, 8], [2, 3, 5, 8, 9], [2, 3, 6, 7, 9], [2, 3, 7, 8, 9], [2, 5, 6, 8, 9], [2, 6, 7, 8, 9], [3, 4, 5, 8, 9], [3, 4, 7, 8, 9], [4, 5, 6, 7, 8], [4, 5, 6, 8, 9], [4, 6, 7, 8, 9]]
P_90 = [[1, 2, 3, 5, 6], [1, 2, 3, 5, 9], [1, 2, 3, 6, 7], [1, 2, 3, 7, 8], [1, 2, 3, 8, 9], [1, 2, 5, 6, 8], [1, 2, 5, 8, 9], [1, 2, 6, 7, 8], [1, 3, 4, 5, 6], [1, 3, 4, 5, 9], [1, 3, 4, 6, 9], [1, 3, 6, 7, 9], [1, 3, 7, 8, 9], [1, 4, 5, 6, 9], [1, 5, 6, 7, 8], [1, 5, 6, 7, 9], [1, 5, 7, 8, 9], [2, 3, 4, 5, 8], [2, 3, 4, 5, 9], [2, 3, 4, 8, 9], [2, 3, 5, 6, 8], [2, 3, 6, 7, 8], [2, 4, 5, 8, 9], [3, 4, 5, 6, 8], [3, 4, 6, 7, 8], [3, 4, 6, 7, 9], [3, 4, 7, 8, 9], [4, 5, 6, 7, 8], [4, 5, 6, 7, 9], [4, 5, 7, 8, 9]]
P_91 = [[1, 2, 3, 4, 5], [1, 2, 3, 4, 8], [1, 2, 3, 5, 9], [1, 2, 3, 7, 8], [1, 2, 3, 7, 9], [1, 2, 4, 5, 8], [1, 2, 5, 6, 8], [1, 2, 5, 6, 9], [1, 2, 6, 7, 8], [1, 2, 6, 7, 9], [1, 3, 4, 5, 6], [1, 3, 4, 6, 9], [1, 3, 4, 7, 8], [1, 3, 4, 7, 9], [1, 3, 5, 6, 9], [1, 4, 5, 6, 7], [1, 4, 5, 7, 8], [1, 4, 6, 7, 9], [1, 5, 6, 7, 8], [2, 3, 4, 5, 8], [2, 3, 5, 8, 9], [2, 3, 7, 8, 9], [2, 5, 6, 8, 9], [2, 6, 7, 8, 9], [3, 4, 5, 6, 9], [3, 4, 5, 8, 9], [3, 4, 7, 8, 9], [4, 5, 6, 7, 8], [4, 5, 6, 8, 9], [4, 6, 7, 8, 9]]
P_92 = [[1, 2, 3, 5, 6], [1, 2, 3, 5, 7], [1, 2, 3, 6, 7], [1, 2, 4, 5, 6], [1, 2, 4, 5, 7], [1, 2, 4, 6, 7], [1, 3, 4, 5, 7], [1, 3, 4, 5, 9], [1, 3, 4, 6, 7], [1, 3, 4, 6, 9], [1, 3, 5, 6, 9], [1, 4, 5, 6, 8], [1, 4, 5, 8, 9], [1, 4, 6, 8, 9], [1, 5, 6, 8, 9], [2, 3, 5, 6, 9], [2, 3, 5, 7, 9], [2, 3, 6, 7, 8], [2, 3, 6, 8, 9], [2, 3, 7, 8, 9], [2, 4, 5, 6, 8], [2, 4, 5, 7, 8], [2, 4, 6, 7, 8], [2, 5, 6, 8, 9], [2, 5, 7, 8, 9], [3, 4, 5, 7, 9], [3, 4, 6, 7, 9], [3, 6, 7, 8, 9], [4, 5, 7, 8, 9], [4, 6, 7, 8, 9]]
P_93 = [[1, 2, 3, 5, 6], [1, 2, 3, 5, 7], [1, 2, 3, 6, 7], [1, 2, 4, 5, 6], [1, 2, 4, 5, 7], [1, 2, 4, 6, 7], [1, 3, 4, 5, 7], [1, 3, 4, 5, 8], [1, 3, 4, 6, 7], [1, 3, 4, 6, 9], [1, 3, 4, 8, 9], [1, 3, 5, 6, 9], [1, 3, 5, 8, 9], [1, 4, 5, 6, 8], [1, 4, 6, 8, 9], [1, 5, 6, 8, 9], [2, 3, 5, 6, 9], [2, 3, 5, 7, 8], [2, 3, 5, 8, 9], [2, 3, 6, 7, 8], [2, 3, 6, 8, 9], [2, 4, 5, 6, 8], [2, 4, 5, 7, 8], [2, 4, 6, 7, 8], [2, 5, 6, 8, 9], [3, 4, 5, 7, 8], [3, 4, 6, 7, 9], [3, 4, 7, 8, 9], [3, 6, 7, 8, 9], [4, 6, 7, 8, 9]]
P_94 = [[1, 2, 3, 4, 8], [1, 2, 3, 4, 9], [1, 2, 3, 5, 6], [1, 2, 3, 5, 9], [1, 2, 3, 6, 7], [1, 2, 3, 7, 8], [1, 2, 4, 5, 8], [1, 2, 4, 5, 9], [1, 2, 5, 6, 8], [1, 2, 6, 7, 8], [1, 3, 4, 6, 7], [1, 3, 4, 6, 9], [1, 3, 4, 7, 8], [1, 3, 5, 6, 9], [1, 4, 5, 6, 7], [1, 4, 5, 6, 9], [1, 4, 5, 7, 8], [1, 5, 6, 7, 8], [2, 3, 4, 8, 9], [2, 3, 5, 6, 8], [2, 3, 5, 8, 9], [2, 3, 6, 7, 8], [2, 4, 5, 8, 9], [3, 4, 6, 7, 8], [3, 4, 6, 8, 9], [3, 5, 6, 8, 9], [4, 5, 6, 7, 9], [4, 5, 7, 8, 9], [4, 6, 7, 8, 9], [5, 6, 7, 8, 9]]
P_95 = [[1, 2, 3, 4, 8], [1, 2, 3, 4, 9], [1, 2, 3, 5, 6], [1, 2, 3, 5, 9], [1, 2, 3, 6, 7], [1, 2, 3, 7, 8], [1, 2, 4, 5, 8], [1, 2, 4, 5, 9], [1, 2, 5, 6, 8], [1, 2, 6, 7, 8], [1, 3, 4, 6, 7], [1, 3, 4, 6, 9], [1, 3, 4, 7, 8], [1, 3, 5, 6, 9], [1, 4, 5, 6, 7], [1, 4, 5, 6, 9], [1, 4, 5, 7, 8], [1, 5, 6, 7, 8], [2, 3, 4, 8, 9], [2, 3, 5, 6, 8], [2, 3, 5, 8, 9], [2, 3, 6, 7, 8], [2, 4, 5, 8, 9], [3, 4, 6, 7, 9], [3, 4, 7, 8, 9], [3, 5, 6, 8, 9], [3, 6, 7, 8, 9], [4, 5, 6, 7, 8], [4, 5, 6, 8, 9], [4, 6, 7, 8, 9]]
P_96 = [[1, 2, 3, 5, 6], [1, 2, 3, 5, 9], [1, 2, 3, 6, 7], [1, 2, 3, 7, 8], [1, 2, 3, 8, 9], [1, 2, 5, 6, 8], [1, 2, 5, 8, 9], [1, 2, 6, 7, 8], [1, 3, 4, 5, 6], [1, 3, 4, 5, 9], [1, 3, 4, 6, 9], [1, 3, 6, 7, 9], [1, 3, 7, 8, 9], [1, 4, 5, 6, 7], [1, 4, 5, 7, 8], [1, 4, 5, 8, 9], [1, 4, 6, 7, 9], [1, 4, 7, 8, 9], [1, 5, 6, 7, 8], [2, 3, 4, 5, 8], [2, 3, 4, 5, 9], [2, 3, 4, 8, 9], [2, 3, 5, 6, 8], [2, 3, 6, 7, 8], [2, 4, 5, 8, 9], [3, 4, 5, 6, 8], [3, 4, 6, 7, 8], [3, 4, 6, 7, 9], [3, 4, 7, 8, 9], [4, 5, 6, 7, 8]]
P_97 = [[1, 2, 3, 4, 8], [1, 2, 3, 4, 9], [1, 2, 3, 6, 7], [1, 2, 3, 6, 9], [1, 2, 3, 7, 8], [1, 2, 4, 5, 8], [1, 2, 4, 5, 9], [1, 2, 5, 6, 8], [1, 2, 5, 6, 9], [1, 2, 6, 7, 8], [1, 3, 4, 8, 9], [1, 3, 6, 7, 9], [1, 3, 7, 8, 9], [1, 4, 5, 6, 7], [1, 4, 5, 6, 9], [1, 4, 5, 7, 8], [1, 4, 6, 7, 9], [1, 4, 7, 8, 9], [1, 5, 6, 7, 8], [2, 3, 4, 5, 8], [2, 3, 4, 5, 9], [2, 3, 5, 6, 8], [2, 3, 5, 6, 9], [2, 3, 6, 7, 8], [3, 4, 5, 6, 8], [3, 4, 5, 6, 9], [3, 4, 6, 7, 8], [3, 4, 6, 7, 9], [3, 4, 7, 8, 9], [4, 5, 6, 7, 8]]
P_98 = [[1, 2, 3, 4, 5], [1, 2, 3, 4, 8], [1, 2, 3, 5, 9], [1, 2, 3, 7, 8], [1, 2, 3, 7, 9], [1, 2, 4, 5, 8], [1, 2, 5, 8, 9], [1, 2, 7, 8, 9], [1, 3, 4, 5, 6], [1, 3, 4, 6, 9], [1, 3, 4, 7, 8], [1, 3, 4, 7, 9], [1, 3, 5, 6, 9], [1, 4, 5, 6, 7], [1, 4, 5, 7, 8], [1, 4, 6, 7, 9], [1, 5, 6, 7, 8], [1, 5, 6, 8, 9], [1, 6, 7, 8, 9], [2, 3, 4, 5, 8], [2, 3, 5, 6, 8], [2, 3, 5, 6, 9], [2, 3, 6, 7, 8], [2, 3, 6, 7, 9], [2, 5, 6, 8, 9], [2, 6, 7, 8, 9], [3, 4, 5, 6, 8], [3, 4, 6, 7, 8], [3, 4, 6, 7, 9], [4, 5, 6, 7, 8]]
P_99 = [[1, 2, 3, 4, 8], [1, 2, 3, 4, 9], [1, 2, 3, 6, 7], [1, 2, 3, 6, 9], [1, 2, 3, 7, 8], [1, 2, 4, 8, 9], [1, 2, 6, 7, 8], [1, 2, 6, 8, 9], [1, 3, 4, 5, 6], [1, 3, 4, 5, 9], [1, 3, 4, 6, 7], [1, 3, 4, 7, 8], [1, 3, 5, 6, 9], [1, 4, 5, 6, 7], [1, 4, 5, 7, 9], [1, 4, 7, 8, 9], [1, 5, 6, 7, 8], [1, 5, 6, 8, 9], [1, 5, 7, 8, 9], [2, 3, 4, 5, 8], [2, 3, 4, 5, 9], [2, 3, 5, 6, 8], [2, 3, 5, 6, 9], [2, 3, 6, 7, 8], [2, 4, 5, 8, 9], [2, 5, 6, 8, 9], [3, 4, 5, 6, 8], [3, 4, 6, 7, 8], [4, 5, 6, 7, 8], [4, 5, 7, 8, 9]]
P_100 = [[1, 2, 3, 4, 5], [1, 2, 3, 4, 8], [1, 2, 3, 5, 6], [1, 2, 3, 6, 7], [1, 2, 3, 7, 8], [1, 2, 4, 5, 9], [1, 2, 4, 8, 9], [1, 2, 5, 6, 9], [1, 2, 6, 7, 8], [1, 2, 6, 8, 9], [1, 3, 4, 5, 6], [1, 3, 4, 6, 7], [1, 3, 4, 7, 8], [1, 4, 5, 6, 7], [1, 4, 5, 7, 9], [1, 4, 7, 8, 9], [1, 5, 6, 7, 9], [1, 6, 7, 8, 9], [2, 3, 4, 5, 8], [2, 3, 5, 6, 9], [2, 3, 5, 8, 9], [2, 3, 6, 7, 8], [2, 3, 6, 8, 9], [2, 4, 5, 8, 9], [3, 4, 5, 6, 8], [3, 4, 6, 7, 8], [3, 5, 6, 8, 9], [4, 5, 6, 7, 8], [4, 5, 7, 8, 9], [5, 6, 7, 8, 9]]
P_101 = [[1, 2, 3, 4, 8], [1, 2, 3, 4, 9], [1, 2, 3, 5, 6], [1, 2, 3, 5, 9], [1, 2, 3, 6, 7], [1, 2, 3, 7, 8], [1, 2, 4, 5, 8], [1, 2, 4, 5, 9], [1, 2, 5, 6, 8], [1, 2, 6, 7, 8], [1, 3, 4, 6, 7], [1, 3, 4, 6, 9], [1, 3, 4, 7, 8], [1, 3, 5, 6, 9], [1, 4, 5, 8, 9], [1, 4, 6, 7, 9], [1, 4, 7, 8, 9], [1, 5, 6, 8, 9], [1, 6, 7, 8, 9], [2, 3, 4, 5, 8], [2, 3, 4, 5, 9], [2, 3, 5, 6, 8], [2, 3, 6, 7, 8], [3, 4, 5, 6, 8], [3, 4, 5, 6, 9], [3, 4, 6, 7, 8], [4, 5, 6, 7, 8], [4, 5, 6, 7, 9], [4, 5, 7, 8, 9], [5, 6, 7, 8, 9]]
P_102 = [[1, 2, 3, 5, 6], [1, 2, 3, 5, 9], [1, 2, 3, 6, 9], [1, 2, 4, 5, 8], [1, 2, 4, 5, 9], [1, 2, 4, 8, 9], [1, 2, 5, 6, 8], [1, 2, 6, 8, 9], [1, 3, 4, 5, 6], [1, 3, 4, 5, 9], [1, 3, 4, 6, 7], [1, 3, 4, 7, 8], [1, 3, 4, 8, 9], [1, 3, 6, 7, 9], [1, 3, 7, 8, 9], [1, 4, 5, 6, 7], [1, 4, 5, 7, 8], [1, 5, 6, 7, 8], [1, 6, 7, 8, 9], [2, 3, 4, 5, 8], [2, 3, 4, 5, 9], [2, 3, 4, 8, 9], [2, 3, 5, 6, 8], [2, 3, 6, 7, 8], [2, 3, 6, 7, 9], [2, 3, 7, 8, 9], [2, 6, 7, 8, 9], [3, 4, 5, 6, 8], [3, 4, 6, 7, 8], [4, 5, 6, 7, 8]]
P_103 = [[1, 2, 3, 4, 5], [1, 2, 3, 4, 9], [1, 2, 3, 5, 9], [1, 2, 4, 5, 8], [1, 2, 4, 8, 9], [1, 2, 5, 6, 8], [1, 2, 5, 6, 9], [1, 2, 6, 8, 9], [1, 3, 4, 5, 6], [1, 3, 4, 6, 7], [1, 3, 4, 7, 8], [1, 3, 4, 8, 9], [1, 3, 5, 6, 9], [1, 3, 6, 7, 9], [1, 3, 7, 8, 9], [1, 4, 5, 6, 7], [1, 4, 5, 7, 8], [1, 5, 6, 7, 8], [1, 6, 7, 8, 9], [2, 3, 4, 5, 8], [2, 3, 4, 8, 9], [2, 3, 5, 6, 8], [2, 3, 5, 6, 9], [2, 3, 6, 7, 8], [2, 3, 6, 7, 9], [2, 3, 7, 8, 9], [2, 6, 7, 8, 9], [3, 4, 5, 6, 8], [3, 4, 6, 7, 8], [4, 5, 6, 7, 8]]
P_104 = [[1, 2, 3, 4, 5], [1, 2, 3, 4, 8], [1, 2, 3, 5, 9], [1, 2, 3, 6, 7], [1, 2, 3, 6, 9], [1, 2, 3, 7, 8], [1, 2, 4, 5, 8], [1, 2, 5, 6, 8], [1, 2, 5, 6, 9], [1, 2, 6, 7, 8], [1, 3, 4, 5, 9], [1, 3, 4, 7, 8], [1, 3, 4, 7, 9], [1, 3, 6, 7, 9], [1, 4, 5, 7, 8], [1, 4, 5, 7, 9], [1, 5, 6, 8, 9], [1, 5, 7, 8, 9], [1, 6, 7, 8, 9], [2, 3, 4, 5, 8], [2, 3, 5, 6, 8], [2, 3, 5, 6, 9], [2, 3, 6, 7, 8], [3, 4, 5, 6, 8], [3, 4, 5, 6, 9], [3, 4, 6, 7, 8], [3, 4, 6, 7, 9], [4, 5, 6, 7, 8], [4, 5, 6, 7, 9], [5, 6, 7, 8, 9]]
P_105 = [[1, 2, 3, 4, 5], [1, 2, 3, 4, 8], [1, 2, 3, 5, 9], [1, 2, 3, 6, 7], [1, 2, 3, 6, 9], [1, 2, 3, 7, 8], [1, 2, 4, 5, 8], [1, 2, 5, 6, 8], [1, 2, 5, 6, 9], [1, 2, 6, 7, 8], [1, 3, 4, 5, 6], [1, 3, 4, 6, 7], [1, 3, 4, 7, 8], [1, 3, 5, 6, 9], [1, 4, 5, 6, 7], [1, 4, 5, 7, 8], [1, 5, 6, 7, 8], [2, 3, 4, 5, 8], [2, 3, 5, 8, 9], [2, 3, 6, 7, 9], [2, 3, 7, 8, 9], [2, 5, 6, 8, 9], [2, 6, 7, 8, 9], [3, 4, 5, 6, 9], [3, 4, 5, 8, 9], [3, 4, 6, 7, 9], [3, 4, 7, 8, 9], [4, 5, 6, 7, 8], [4, 5, 6, 8, 9], [4, 6, 7, 8, 9]]
P_106 = [[1, 2, 3, 4, 5], [1, 2, 3, 4, 8], [1, 2, 3, 5, 9], [1, 2, 3, 6, 7], [1, 2, 3, 6, 9], [1, 2, 3, 7, 8], [1, 2, 4, 5, 8], [1, 2, 5, 8, 9], [1, 2, 6, 7, 9], [1, 2, 7, 8, 9], [1, 3, 4, 5, 6], [1, 3, 4, 6, 7], [1, 3, 4, 7, 8], [1, 3, 5, 6, 9], [1, 4, 5, 6, 9], [1, 4, 5, 7, 8], [1, 4, 5, 7, 9], [1, 4, 6, 7, 9], [1, 5, 7, 8, 9], [2, 3, 4, 5, 8], [2, 3, 5, 6, 8], [2, 3, 5, 6, 9], [2, 3, 6, 7, 8], [2, 5, 6, 8, 9], [2, 6, 7, 8, 9], [3, 4, 5, 6, 8], [3, 4, 6, 7, 8], [4, 5, 6, 7, 8], [4, 5, 6, 7, 9], [5, 6, 7, 8, 9]]
P_107 = [[1, 2, 3, 4, 5], [1, 2, 3, 4, 8], [1, 2, 3, 5, 9], [1, 2, 3, 6, 7], [1, 2, 3, 6, 9], [1, 2, 3, 7, 8], [1, 2, 4, 5, 8], [1, 2, 5, 6, 8], [1, 2, 5, 6, 9], [1, 2, 6, 7, 8], [1, 3, 4, 5, 6], [1, 3, 4, 6, 7], [1, 3, 4, 7, 8], [1, 3, 5, 6, 9], [1, 4, 5, 6, 7], [1, 4, 5, 7, 8], [1, 5, 6, 7, 8], [2, 3, 4, 5, 8], [2, 3, 5, 8, 9], [2, 3, 6, 7, 8], [2, 3, 6, 8, 9], [2, 5, 6, 8, 9], [3, 4, 5, 6, 9], [3, 4, 5, 8, 9], [3, 4, 6, 7, 8], [3, 4, 6, 8, 9], [4, 5, 6, 7, 9], [4, 5, 7, 8, 9], [4, 6, 7, 8, 9], [5, 6, 7, 8, 9]]
P_108 = [[1, 2, 3, 5, 6], [1, 2, 3, 5, 9], [1, 2, 3, 6, 9], [1, 2, 5, 6, 8], [1, 2, 5, 8, 9], [1, 2, 6, 7, 8], [1, 2, 6, 7, 9], [1, 2, 7, 8, 9], [1, 3, 4, 5, 6], [1, 3, 4, 5, 9], [1, 3, 4, 6, 7], [1, 3, 4, 7, 8], [1, 3, 4, 8, 9], [1, 3, 6, 7, 9], [1, 3, 7, 8, 9], [1, 4, 5, 6, 7], [1, 4, 5, 7, 8], [1, 4, 5, 8, 9], [1, 5, 6, 7, 8], [2, 3, 4, 5, 8], [2, 3, 4, 5, 9], [2, 3, 4, 8, 9], [2, 3, 5, 6, 8], [2, 3, 6, 7, 8], [2, 3, 6, 7, 9], [2, 3, 7, 8, 9], [2, 4, 5, 8, 9], [3, 4, 5, 6, 8], [3, 4, 6, 7, 8], [4, 5, 6, 7, 8]]
P_109 = [[1, 2, 3, 4, 5], [1, 2, 3, 4, 8], [1, 2, 3, 5, 6], [1, 2, 3, 6, 9], [1, 2, 3, 7, 8], [1, 2, 3, 7, 9], [1, 2, 4, 5, 8], [1, 2, 5, 6, 8], [1, 2, 6, 7, 8], [1, 2, 6, 7, 9], [1, 3, 4, 5, 6], [1, 3, 4, 6, 7], [1, 3, 4, 7, 8], [1, 3, 6, 7, 9], [1, 4, 5, 6, 7], [1, 4, 5, 7, 8], [1, 5, 6, 7, 8], [2, 3, 4, 5, 8], [2, 3, 5, 6, 9], [2, 3, 5, 8, 9], [2, 3, 7, 8, 9], [2, 5, 6, 8, 9], [2, 6, 7, 8, 9], [3, 4, 5, 6, 9], [3, 4, 5, 8, 9], [3, 4, 6, 7, 9], [3, 4, 7, 8, 9], [4, 5, 6, 7, 8], [4, 5, 6, 8, 9], [4, 6, 7, 8, 9]]
P_110 = [[1, 2, 3, 4, 5], [1, 2, 3, 4, 8], [1, 2, 3, 5, 6], [1, 2, 3, 6, 9], [1, 2, 3, 7, 8], [1, 2, 3, 7, 9], [1, 2, 4, 5, 8], [1, 2, 5, 6, 9], [1, 2, 5, 8, 9], [1, 2, 7, 8, 9], [1, 3, 4, 5, 6], [1, 3, 4, 6, 7], [1, 3, 4, 7, 8], [1, 3, 6, 7, 9], [1, 4, 5, 6, 9], [1, 4, 5, 7, 8], [1, 4, 5, 7, 9], [1, 4, 6, 7, 9], [1, 5, 7, 8, 9], [2, 3, 4, 5, 8], [2, 3, 5, 6, 8], [2, 3, 6, 7, 8], [2, 3, 6, 7, 9], [2, 5, 6, 8, 9], [2, 6, 7, 8, 9], [3, 4, 5, 6, 8], [3, 4, 6, 7, 8], [4, 5, 6, 7, 8], [4, 5, 6, 7, 9], [5, 6, 7, 8, 9]]
P_111 = [[1, 2, 3, 4, 5], [1, 2, 3, 4, 8], [1, 2, 3, 5, 6], [1, 2, 3, 6, 7], [1, 2, 3, 7, 8], [1, 2, 4, 5, 8], [1, 2, 5, 6, 8], [1, 2, 6, 7, 8], [1, 3, 4, 5, 9], [1, 3, 4, 6, 7], [1, 3, 4, 6, 9], [1, 3, 4, 7, 8], [1, 3, 5, 6, 9], [1, 4, 5, 6, 7], [1, 4, 5, 6, 9], [1, 4, 5, 7, 8], [1, 5, 6, 7, 8], [2, 3, 4, 5, 9], [2, 3, 4, 8, 9], [2, 3, 5, 6, 8], [2, 3, 5, 8, 9], [2, 3, 6, 7, 8], [2, 4, 5, 8, 9], [3, 4, 6, 7, 9], [3, 4, 7, 8, 9], [3, 5, 6, 8, 9], [3, 6, 7, 8, 9], [4, 5, 6, 7, 8], [4, 5, 6, 8, 9], [4, 6, 7, 8, 9]]
P_112 = [[1, 2, 3, 4, 5], [1, 2, 3, 4, 8], [1, 2, 3, 5, 6], [1, 2, 3, 6, 7], [1, 2, 3, 7, 8], [1, 2, 4, 5, 8], [1, 2, 5, 6, 8], [1, 2, 6, 7, 8], [1, 3, 4, 5, 9], [1, 3, 4, 6, 7], [1, 3, 4, 6, 9], [1, 3, 4, 7, 8], [1, 3, 5, 6, 9], [1, 4, 5, 6, 7], [1, 4, 5, 6, 9], [1, 4, 5, 7, 8], [1, 5, 6, 7, 8], [2, 3, 4, 5, 8], [2, 3, 5, 6, 9], [2, 3, 5, 8, 9], [2, 3, 6, 7, 9], [2, 3, 7, 8, 9], [2, 5, 6, 8, 9], [2, 6, 7, 8, 9], [3, 4, 5, 8, 9], [3, 4, 6, 7, 9], [3, 4, 7, 8, 9], [4, 5, 6, 7, 8], [4, 5, 6, 8, 9], [4, 6, 7, 8, 9]]
P_113 = [[1, 2, 3, 4, 5], [1, 2, 3, 4, 8], [1, 2, 3, 5, 6], [1, 2, 3, 6, 7], [1, 2, 3, 7, 8], [1, 2, 4, 5, 8], [1, 2, 5, 6, 8], [1, 2, 6, 7, 8], [1, 3, 4, 5, 9], [1, 3, 4, 6, 7], [1, 3, 4, 6, 9], [1, 3, 4, 7, 8], [1, 3, 5, 6, 9], [1, 4, 5, 6, 7], [1, 4, 5, 6, 9], [1, 4, 5, 7, 8], [1, 5, 6, 7, 8], [2, 3, 4, 5, 9], [2, 3, 4, 8, 9], [2, 3, 5, 6, 8], [2, 3, 5, 8, 9], [2, 3, 6, 7, 8], [2, 4, 5, 8, 9], [3, 4, 6, 7, 8], [3, 4, 6, 8, 9], [3, 5, 6, 8, 9], [4, 5, 6, 7, 9], [4, 5, 7, 8, 9], [4, 6, 7, 8, 9], [5, 6, 7, 8, 9]]
P_114 = [[1, 2, 3, 5, 6], [1, 2, 3, 5, 9], [1, 2, 3, 6, 7], [1, 2, 3, 7, 8], [1, 2, 3, 8, 9], [1, 2, 5, 6, 8], [1, 2, 5, 8, 9], [1, 2, 6, 7, 8], [1, 3, 4, 6, 7], [1, 3, 4, 6, 9], [1, 3, 4, 7, 9], [1, 3, 5, 6, 9], [1, 3, 7, 8, 9], [1, 4, 5, 6, 7], [1, 4, 5, 6, 9], [1, 4, 5, 7, 8], [1, 4, 5, 8, 9], [1, 4, 7, 8, 9], [1, 5, 6, 7, 8], [2, 3, 4, 5, 8], [2, 3, 4, 5, 9], [2, 3, 4, 8, 9], [2, 3, 5, 6, 8], [2, 3, 6, 7, 8], [2, 4, 5, 8, 9], [3, 4, 5, 6, 8], [3, 4, 5, 6, 9], [3, 4, 6, 7, 8], [3, 4, 7, 8, 9], [4, 5, 6, 7, 8]]
P_115 = [[1, 2, 3, 5, 7], [1, 2, 3, 5, 9], [1, 2, 3, 7, 9], [1, 2, 4, 5, 6], [1, 2, 4, 5, 7], [1, 2, 4, 6, 7], [1, 2, 5, 6, 9], [1, 2, 6, 7, 9], [1, 3, 4, 5, 7], [1, 3, 4, 5, 8], [1, 3, 4, 6, 8], [1, 3, 4, 6, 9], [1, 3, 4, 7, 9], [1, 3, 5, 6, 8], [1, 3, 5, 6, 9], [1, 4, 5, 6, 8], [1, 4, 6, 7, 9], [2, 3, 5, 6, 8], [2, 3, 5, 6, 9], [2, 3, 5, 7, 8], [2, 3, 6, 8, 9], [2, 3, 7, 8, 9], [2, 4, 5, 6, 8], [2, 4, 5, 7, 8], [2, 4, 6, 7, 8], [2, 6, 7, 8, 9], [3, 4, 5, 7, 8], [3, 4, 6, 7, 8], [3, 4, 6, 7, 9], [3, 6, 7, 8, 9]]
P_116 = [[1, 2, 3, 4, 7], [1, 2, 3, 4, 9], [1, 2, 3, 7, 9], [1, 2, 4, 5, 8], [1, 2, 4, 5, 9], [1, 2, 4, 7, 8], [1, 2, 5, 8, 9], [1, 2, 6, 7, 8], [1, 2, 6, 7, 9], [1, 2, 6, 8, 9], [1, 3, 4, 5, 6], [1, 3, 4, 5, 9], [1, 3, 4, 6, 7], [1, 3, 5, 6, 9], [1, 3, 6, 7, 9], [1, 4, 5, 6, 8], [1, 4, 6, 7, 8], [1, 5, 6, 8, 9], [2, 3, 4, 5, 7], [2, 3, 4, 5, 9], [2, 3, 5, 6, 7], [2, 3, 5, 6, 9], [2, 3, 6, 7, 9], [2, 4, 5, 7, 8], [2, 5, 6, 7, 8], [2, 5, 6, 8, 9], [3, 4, 5, 6, 8], [3, 4, 5, 7, 8], [3, 4, 6, 7, 8], [3, 5, 6, 7, 8]]
P_117 = [[1, 2, 3, 4, 7], [1, 2, 3, 4, 9], [1, 2, 3, 7, 9], [1, 2, 4, 5, 8], [1, 2, 4, 5, 9], [1, 2, 4, 7, 8], [1, 2, 5, 8, 9], [1, 2, 6, 7, 8], [1, 2, 6, 7, 9], [1, 2, 6, 8, 9], [1, 3, 4, 5, 6], [1, 3, 4, 5, 9], [1, 3, 4, 6, 7], [1, 3, 5, 6, 9], [1, 3, 6, 7, 9], [1, 4, 5, 6, 8], [1, 4, 6, 7, 8], [1, 5, 6, 8, 9], [2, 3, 4, 5, 8], [2, 3, 4, 5, 9], [2, 3, 4, 7, 8], [2, 3, 5, 6, 7], [2, 3, 5, 6, 9], [2, 3, 5, 7, 8], [2, 3, 6, 7, 9], [2, 5, 6, 7, 8], [2, 5, 6, 8, 9], [3, 4, 5, 6, 7], [3, 4, 5, 7, 8], [4, 5, 6, 7, 8]]
P_118 = [[1, 2, 3, 4, 7], [1, 2, 3, 4, 9], [1, 2, 3, 7, 9], [1, 2, 4, 5, 8], [1, 2, 4, 5, 9], [1, 2, 4, 7, 8], [1, 2, 5, 8, 9], [1, 2, 6, 7, 8], [1, 2, 6, 7, 9], [1, 2, 6, 8, 9], [1, 3, 4, 5, 6], [1, 3, 4, 5, 9], [1, 3, 4, 6, 7], [1, 3, 5, 6, 9], [1, 3, 6, 7, 9], [1, 4, 5, 6, 7], [1, 4, 5, 7, 8], [1, 5, 6, 7, 8], [1, 5, 6, 8, 9], [2, 3, 4, 5, 6], [2, 3, 4, 5, 9], [2, 3, 4, 6, 8], [2, 3, 4, 7, 8], [2, 3, 5, 6, 9], [2, 3, 6, 7, 8], [2, 3, 6, 7, 9], [2, 4, 5, 6, 8], [2, 5, 6, 8, 9], [3, 4, 6, 7, 8], [4, 5, 6, 7, 8]]
P_119 = [[1, 2, 3, 4, 7], [1, 2, 3, 4, 9], [1, 2, 3, 7, 9], [1, 2, 4, 5, 8], [1, 2, 4, 5, 9], [1, 2, 4, 7, 8], [1, 2, 5, 8, 9], [1, 2, 6, 7, 8], [1, 2, 6, 7, 9], [1, 2, 6, 8, 9], [1, 3, 4, 5, 6], [1, 3, 4, 5, 9], [1, 3, 4, 6, 7], [1, 3, 5, 6, 9], [1, 3, 6, 7, 9], [1, 4, 5, 6, 7], [1, 4, 5, 7, 8], [1, 5, 6, 7, 8], [1, 5, 6, 8, 9], [2, 3, 4, 5, 7], [2, 3, 4, 5, 9], [2, 3, 5, 6, 8], [2, 3, 5, 6, 9], [2, 3, 5, 7, 8], [2, 3, 6, 7, 8], [2, 3, 6, 7, 9], [2, 4, 5, 7, 8], [2, 5, 6, 8, 9], [3, 4, 5, 6, 7], [3, 5, 6, 7, 8]]
P_120 = [[1, 2, 3, 4, 7], [1, 2, 3, 4, 9], [1, 2, 3, 7, 9], [1, 2, 4, 7, 8], [1, 2, 4, 8, 9], [1, 2, 5, 6, 8], [1, 2, 5, 6, 9], [1, 2, 5, 8, 9], [1, 2, 6, 7, 8], [1, 2, 6, 7, 9], [1, 3, 4, 5, 6], [1, 3, 4, 5, 9], [1, 3, 4, 6, 7], [1, 3, 5, 6, 9], [1, 3, 6, 7, 9], [1, 4, 5, 6, 7], [1, 4, 5, 7, 8], [1, 4, 5, 8, 9], [1, 5, 6, 7, 8], [2, 3, 4, 5, 6], [2, 3, 4, 5, 9], [2, 3, 4, 6, 8], [2, 3, 4, 7, 8], [2, 3, 5, 6, 9], [2, 3, 6, 7, 8], [2, 3, 6, 7, 9], [2, 4, 5, 6, 8], [2, 4, 5, 8, 9], [3, 4, 6, 7, 8], [4, 5, 6, 7, 8]]
P_121 = [[1, 2, 3, 4, 7], [1, 2, 3, 4, 9], [1, 2, 3, 7, 9], [1, 2, 4, 6, 7], [1, 2, 4, 6, 8], [1, 2, 4, 8, 9], [1, 2, 5, 6, 8], [1, 2, 5, 6, 9], [1, 2, 5, 8, 9], [1, 2, 6, 7, 9], [1, 3, 4, 5, 7], [1, 3, 4, 5, 9], [1, 3, 5, 6, 7], [1, 3, 5, 6, 9], [1, 3, 6, 7, 9], [1, 4, 5, 6, 7], [1, 4, 5, 6, 8], [1, 4, 5, 8, 9], [2, 3, 4, 5, 8], [2, 3, 4, 5, 9], [2, 3, 4, 6, 7], [2, 3, 4, 6, 8], [2, 3, 5, 6, 8], [2, 3, 5, 6, 9], [2, 3, 6, 7, 9], [2, 4, 5, 8, 9], [3, 4, 5, 7, 8], [3, 4, 6, 7, 8], [3, 5, 6, 7, 8], [4, 5, 6, 7, 8]]
P_122 = [[1, 2, 3, 4, 7], [1, 2, 3, 4, 9], [1, 2, 3, 7, 9], [1, 2, 4, 6, 7], [1, 2, 4, 6, 8], [1, 2, 4, 8, 9], [1, 2, 5, 6, 8], [1, 2, 5, 6, 9], [1, 2, 5, 8, 9], [1, 2, 6, 7, 9], [1, 3, 4, 5, 7], [1, 3, 4, 5, 9], [1, 3, 5, 6, 7], [1, 3, 5, 6, 9], [1, 3, 6, 7, 9], [1, 4, 5, 7, 8], [1, 4, 5, 8, 9], [1, 4, 6, 7, 8], [1, 5, 6, 7, 8], [2, 3, 4, 5, 8], [2, 3, 4, 5, 9], [2, 3, 4, 7, 8], [2, 3, 5, 6, 8], [2, 3, 5, 6, 9], [2, 3, 6, 7, 8], [2, 3, 6, 7, 9], [2, 4, 5, 8, 9], [2, 4, 6, 7, 8], [3, 4, 5, 7, 8], [3, 5, 6, 7, 8]]
P_123 = [[1, 2, 4, 5, 7], [1, 2, 4, 5, 9], [1, 2, 4, 7, 8], [1, 2, 4, 8, 9], [1, 2, 5, 6, 8], [1, 2, 5, 6, 9], [1, 2, 5, 7, 8], [1, 2, 6, 8, 9], [1, 3, 4, 5, 6], [1, 3, 4, 5, 9], [1, 3, 4, 6, 9], [1, 3, 5, 6, 9], [1, 4, 5, 6, 8], [1, 4, 5, 7, 8], [1, 4, 6, 8, 9], [2, 3, 4, 5, 7], [2, 3, 4, 5, 9], [2, 3, 4, 7, 9], [2, 3, 5, 6, 8], [2, 3, 5, 6, 9], [2, 3, 5, 7, 8], [2, 3, 6, 7, 8], [2, 3, 6, 7, 9], [2, 4, 6, 7, 8], [2, 4, 6, 7, 9], [2, 4, 6, 8, 9], [3, 4, 5, 6, 7], [3, 4, 6, 7, 9], [3, 5, 6, 7, 8], [4, 5, 6, 7, 8]]
P_124 = [[1, 2, 4, 5, 7], [1, 2, 4, 5, 9], [1, 2, 4, 6, 7], [1, 2, 4, 6, 9], [1, 2, 5, 7, 8], [1, 2, 5, 8, 9], [1, 2, 6, 7, 8], [1, 2, 6, 8, 9], [1, 3, 4, 5, 7], [1, 3, 4, 5, 9], [1, 3, 4, 6, 8], [1, 3, 4, 6, 9], [1, 3, 4, 7, 8], [1, 3, 5, 6, 8], [1, 3, 5, 6, 9], [1, 3, 5, 7, 8], [1, 4, 6, 7, 8], [1, 5, 6, 8, 9], [2, 3, 4, 5, 7], [2, 3, 4, 5, 9], [2, 3, 4, 7, 9], [2, 3, 5, 6, 8], [2, 3, 5, 6, 9], [2, 3, 5, 7, 8], [2, 3, 6, 7, 8], [2, 3, 6, 7, 9], [2, 4, 6, 7, 9], [2, 5, 6, 8, 9], [3, 4, 6, 7, 8], [3, 4, 6, 7, 9]]
P_125 = [[1, 2, 4, 5, 7], [1, 2, 4, 5, 9], [1, 2, 4, 6, 7], [1, 2, 4, 6, 9], [1, 2, 5, 7, 8], [1, 2, 5, 8, 9], [1, 2, 6, 7, 8], [1, 2, 6, 8, 9], [1, 3, 4, 5, 8], [1, 3, 4, 5, 9], [1, 3, 4, 6, 7], [1, 3, 4, 6, 9], [1, 3, 4, 7, 8], [1, 3, 5, 6, 8], [1, 3, 5, 6, 9], [1, 3, 6, 7, 8], [1, 4, 5, 7, 8], [1, 5, 6, 8, 9], [2, 3, 4, 5, 7], [2, 3, 4, 5, 9], [2, 3, 4, 7, 9], [2, 3, 5, 6, 8], [2, 3, 5, 6, 9], [2, 3, 5, 7, 8], [2, 3, 6, 7, 8], [2, 3, 6, 7, 9], [2, 4, 6, 7, 9], [2, 5, 6, 8, 9], [3, 4, 5, 7, 8], [3, 4, 6, 7, 9]]
P_126 = [[1, 2, 3, 4, 5], [1, 2, 3, 4, 9], [1, 2, 3, 5, 8], [1, 2, 3, 7, 8], [1, 2, 3, 7, 9], [1, 2, 4, 5, 8], [1, 2, 4, 7, 8], [1, 2, 4, 7, 9], [1, 3, 4, 5, 9], [1, 3, 5, 6, 8], [1, 3, 5, 6, 9], [1, 3, 6, 7, 8], [1, 3, 6, 7, 9], [1, 4, 5, 6, 7], [1, 4, 5, 6, 9], [1, 4, 5, 7, 8], [1, 4, 6, 7, 9], [1, 5, 6, 7, 8], [2, 3, 4, 5, 9], [2, 3, 5, 6, 8], [2, 3, 5, 6, 9], [2, 3, 6, 8, 9], [2, 3, 7, 8, 9], [2, 4, 5, 6, 8], [2, 4, 5, 6, 9], [2, 4, 6, 7, 8], [2, 4, 6, 7, 9], [2, 6, 7, 8, 9], [3, 6, 7, 8, 9], [4, 5, 6, 7, 8]]
