vector_1=[1, 2, 0, 0, 0, 0, 0]
vector_2=[1, 3, 0, 0, 0, 0, 0]
vector_3=[1, 4, 0, 0, 0, 0, 0]
vector_4=[1, 5, 0, 0, 0, 0, 0]
vector_5=[1, 5, 7, 10, 3, 2, 0]
vector_6=[1, 5, 7, 10, 5, 3, 0]
vector_7=[1, 5, 7, 10, 6, 4, 0]
vector_8=[1, 6, 0, 0, 0, 0, 0]
vector_9=[1, 6, 7, 9, 5, 4, 0]
vector_10=[1, 6, 7, 10, 3, 2, 0]
vector_11=[1, 6, 7, 10, 5, 3, 0]
vector_12=[1, 6, 7, 10, 6, 4, 0]
vector_13=[1, 6, 8, 11, 4, 3, 0]
vector_14=[1, 6, 8, 11, 6, 4, 0]
vector_15=[1, 6, 8, 11, 7, 5, 0]
vector_16=[1, 6, 10, 16, 3, 2, 0]
vector_17=[1, 6, 10, 16, 5, 3, 0]
vector_18=[1, 6, 10, 16, 6, 3, 0]
vector_19=[1, 6, 10, 16, 7, 4, 0]
vector_20=[1, 6, 10, 16, 8, 4, 0]
vector_21=[1, 6, 10, 16, 9, 5, 0]
vector_22=[1, 6, 11, 19, 3, 2, 0]
vector_23=[1, 6, 11, 19, 4, 2, 0]
vector_24=[1, 6, 11, 19, 6, 3, 0]
vector_25=[1, 6, 11, 19, 7, 3, 0]
vector_26=[1, 6, 11, 19, 8, 4, 0]
vector_27=[1, 6, 11, 19, 9, 4, 0]
vector_28=[1, 6, 11, 19, 10, 5, 0]
vector_29=[1, 6, 11, 20, 4, 2, 0]
vector_30=[1, 6, 11, 20, 7, 3, 0]
vector_31=[1, 6, 11, 20, 9, 4, 0]
vector_32=[1, 6, 11, 20, 10, 5, 0]
